<?xml version="1.0" encoding="UTF-8" standalone="no" ?>
<SimscapeMultibodyImportXML version="2.0" xmlns="urn:mathworks:SimscapeMultibody:import" xmlns:xsi="http://www.w3.org/2001/XMLSchema-instance">
<Created by="" on="12/01/22||22:35:52" using="Simscape Multibody Link Version 6.1" from="SolidWorks 29.0.0"/>
<ModelUnits mass="kilogram" length="millimeter"/>
<DataUnits mass="kilogram" length="meter"/>
<RootAssembly name="写字机器人1" uid="写字机器人1" version="1174">
<AssemblyFile name="写字机器人1.SLDASM" type="SolidWorks Assembly"/>
<InstanceTree>
<Instance name="SG90 - Micro Servo 9g - Tower Pro.1_Pe_X_87a-1" uid="SG90 - Micro Servo 9g - Tower Pro.1_Pe_X_87a-1" entityUid="SG90 - Micro Servo 9g - Tower Pro.1_Pe_X_87a*:*默认">
<Transform>
<Rotation>0.99799296797008619 -0.063324844115548493 0 0.063324844115548479 0.9979929679700863 5.6137450508294494e-16 0 -5.5701976276390086e-16 0.99999999999999989</Rotation>
<Translation>-0.057282667388588199 0.16453928104708651 0.10491451496907918</Translation>
</Transform>
</Instance>
<Instance name="舵机旋转叶片-1" uid="舵机旋转叶片-1" entityUid="舵机旋转叶片*:*默认">
<Transform>
<Rotation>-0.73616124611007994 0.063324844115548437 -0.6738372087109733 -0.046711046720748328 -0.99799296797008619 -0.042756449765042177 -0.67519234136644846 4.4497380000916727e-16 0.73764171666202105</Rotation>
<Translation>-0.063897800041526398 0.18746639425359457 0.10491451496907912</Translation>
</Transform>
</Instance>
<Instance name="木棍-1" uid="木棍-1" entityUid="木棍*:*默认">
<Transform>
<Rotation>0.99975723842404396 0.022033252568091154 1.9483026303390716e-13 -0.022033252568091143 0.99975723842404407 1.1997781240724592e-14 -1.9451801280823133e-13 -1.6287318715946242e-14 1</Rotation>
<Translation>-0.032674170674398581 0.18729327826665884 0.057456231316055789</Translation>
</Transform>
</Instance>
<Instance name="木棍-2" uid="木棍-2" entityUid="木棍*:*默认">
<Transform>
<Rotation>0.98425575170796309 -0.17675014916483822 1.9484414082171497e-13 0.17675014916483822 0.9842557517079632 1.1996913878986604e-14 -1.9390045125078359e-13 2.2630335105855437e-14 0.99999999999999989</Rotation>
<Translation>-0.084569805008842605 0.18400038637265032 0.059834729110219399</Translation>
</Transform>
</Instance>
<Instance name="motor_house-1" uid="motor_house-1" grounded="true" entityUid="motor_house*:*默认">
<Transform>
<Rotation>-0.063324844115549242 -1.214306433183765e-16 -0.9979929679700863 0.99799296797008619 2.9143354396410359e-16 -0.063324844115549256 2.9143354396410359e-16 -1.0000000000000002 1.0060320738388647e-16</Rotation>
<Translation>-0.14684156458616426 -0.025682141241879935 0.038000000000000027</Translation>
</Transform>
</Instance>
<Instance name="光杆(丝杆)-1" uid="光杆(丝杆)-1" entityUid="光杆(丝杆)*:*默认">
<Transform>
<Rotation>0.0040100358822587126 -0.063197749125120023 -0.9979929679700863 -0.063197749125120037 0.99598996411774143 -0.063324844115549256 0.9979929679700863 0.063324844115549242 1.0060320738388647e-16</Rotation>
<Translation>0.10124581960533582 -0.034990728944591418 0.060249999999999998</Translation>
</Transform>
</Instance>
<Instance name="中心支架下-1" uid="中心支架下-1" entityUid="中心支架下*:*Default">
<Transform>
<Rotation>0.9979929679700863 -1.7021410038031165e-16 -0.063324844115549506 0.06332484411554952 1.45869532689838e-15 0.99799296797008619 0 -1.0000000000000002 1.4432899320127035e-15</Rotation>
<Translation>-0.04377519446307121 -0.025167960957493168 0.066750000000000032</Translation>
</Transform>
</Instance>
<Instance name="y_end2-1" uid="y_end2-1" entityUid="y_end2*:*默认">
<Transform>
<Rotation>0.99799296797008619 0.063324844115548687 3.4604440341333945e-16 0.063324844115548687 -0.99799296797008619 -5.72532640374001e-16 3.0909434100916936e-16 5.932967569301956e-16 -0.99999999999999989</Rotation>
<Translation>-0.057355490959321034 0.16568697296025214 0.085874999999999896</Translation>
</Transform>
</Instance>
<Instance name="光杆(丝杆)-4" uid="光杆(丝杆)-4" entityUid="光杆(丝杆)*:*默认">
<Transform>
<Rotation>0.0040100358822587126 -0.063197749125120023 -0.9979929679700863 -0.063197749125120037 0.99598996411774143 -0.063324844115549256 0.9979929679700863 0.063324844115549242 1.0060320738388647e-16</Rotation>
<Translation>0.09807957739955836 0.014908919453912929 0.020499999999999994</Translation>
</Transform>
</Instance>
<Instance name="motor1-1" uid="motor1-1" entityUid="motor1*:*默认">
<Transform>
<Rotation>-0.06332484411552125 0.99799296797008774 -1.2243155746191317e-16 0.99799296797008796 0.063324844115521223 0 0 -1.2246467991473525e-16 -0.99999999999999978</Rotation>
<Translation>-0.17578336065729722 -0.027518561721230447 0.060500000000000033</Translation>
</Transform>
</Instance>
<Instance name="光杆(丝杆)-5" uid="光杆(丝杆)-5" entityUid="光杆(丝杆)*:*默认">
<Transform>
<Rotation>-0.80818126143569324 -0.58551943843219501 0.063324844115548673 -0.051280874755679134 -0.037152493409606982 -0.99799296797008619 0.58669695801879174 -0.80980656915802796 4.7582330582075623e-16</Rotation>
<Translation>-0.078812339770677836 0.16432548881176678 0.08574999999999991</Translation>
</Transform>
</Instance>
<Instance name="光杆(丝杆)-3" uid="光杆(丝杆)-3" entityUid="光杆(丝杆)*:*默认">
<Transform>
<Rotation>0.0040100358822587126 -0.063197749125120023 -0.9979929679700863 -0.063197749125120037 0.99598996411774143 -0.063324844115549256 0.9979929679700863 0.063324844115549242 1.0060320738388647e-16</Rotation>
<Translation>0.10124581960533582 -0.034990728944591411 0.020499999999999966</Translation>
</Transform>
</Instance>
<Instance name="Pen Carrige-1" uid="Pen Carrige-1" entityUid="Pen Carrige*:*默认">
<Transform>
<Rotation>-0.063324844115548673 1.920271715333563e-16 0.99799296797008619 0.99799296797008619 4.3329841018975147e-16 0.063324844115548673 -4.2026867569907894e-16 1 -2.1908032113025616e-16</Rotation>
<Translation>-0.089306470472242494 0.1796917902801915 0.061273730289843953</Translation>
</Transform>
</Instance>
<Instance name="光杆(丝杆)-2" uid="光杆(丝杆)-2" entityUid="光杆(丝杆)*:*默认">
<Transform>
<Rotation>0.0040100358822587126 -0.063197749125120023 -0.9979929679700863 -0.063197749125120037 0.99598996411774143 -0.063324844115549256 0.9979929679700863 0.063324844115549242 1.0060320738388647e-16</Rotation>
<Translation>0.098079577399558401 0.014908919453912898 0.060250000000000067</Translation>
</Transform>
</Instance>
<Instance name="光杆(丝杆)-6" uid="光杆(丝杆)-6" entityUid="光杆(丝杆)*:*默认">
<Transform>
<Rotation>0.96784446718295558 -0.24344825212164142 0.06332484411554859 0.061411855573609626 -0.015447325893650358 -0.99799296797008619 0.24393784318622425 0.96979086851838991 4.4235448637408581e-16</Rotation>
<Translation>-0.03589864214796365 0.16704845710873639 0.085750000000000076</Translation>
</Transform>
</Instance>
<Instance name="motor_house-3" uid="motor_house-3" entityUid="motor_house*:*默认">
<Transform>
<Rotation>0.063324844115549242 0 0.9979929679700863 -0.99799296797008619 -1.5126788423853881e-15 0.063324844115549256 1.5404344466674047e-15 -1.0000000000000002 -1.0060275469603339e-16</Rotation>
<Translation>0.066728930559434296 -0.012130624601152291 0.038000000000000062</Translation>
</Transform>
</Instance>
<Instance name="motor1-3" uid="motor1-3" entityUid="motor1*:*默认">
<Transform>
<Rotation>0.99799296797008608 0.063324844115548867 0 0.06332484411554884 -0.9979929679700863 -1.6347651322111018e-15 0 1.6237011735142914e-15 -1</Rotation>
<Translation>0.095670726630566805 -0.01029420412180132 0.060500000000000068</Translation>
</Transform>
</Instance>
<Instance name="惰轮-3" uid="惰轮-3" entityUid="惰轮*:*默认">
<Transform>
<Rotation>0.037979064254621976 -0.99927853508335873 1.6050475022299289e-16 0.99927853508335873 0.037979064254621976 -8.151867504043299e-16 8.0850280154151123e-16 1.9134898164987525e-16 1</Rotation>
<Translation>-0.034867820122574535 -0.028747573749917956 0.067750000000000032</Translation>
</Transform>
</Instance>
<Instance name="Penholder-1" uid="Penholder-1" entityUid="Penholder*:*默认">
<Transform>
<Rotation>-0.063324844115548312 -0.99638157934832183 0.056689615037372916 0.9979929679700863 -0.063222597970978456 0.0035970804909706594 9.8133961621905354e-16 0.056803621725591218 0.99838537076564582</Rotation>
<Translation>-0.052902159589449931 0.19703188972696997 0.050835156009859564</Translation>
</Transform>
</Instance>
<Instance name="y_end1-1" uid="y_end1-1" entityUid="y_end1*:*默认">
<Transform>
<Rotation>-0.99799296797008619 -0.063324844115548687 6.6614439566713623e-16 -0.063324844115548728 0.99799296797008641 -4.3445017918696934e-16 -6.4167713951957634e-16 -4.7582330582075436e-16 -1</Rotation>
<Translation>-0.039624534606967368 -0.11375105807137302 0.08275000000000006</Translation>
</Transform>
</Instance>
<Instance name="惰轮-1" uid="惰轮-1" entityUid="惰轮*:*默认">
<Transform>
<Rotation>0.037979064254622164 -0.99927853508335873 1.7820762979551771e-16 0.99927853508335862 0.037979064254622136 -1.3049270579629641e-15 1.3082095202293902e-15 2.2759977947199176e-16 1</Rotation>
<Translation>-0.036152047961237874 -0.0085082763594846005 0.06775000000000006</Translation>
</Transform>
</Instance>
<Instance name="惰轮-4" uid="惰轮-4" entityUid="惰轮*:*默认">
<Transform>
<Rotation>0.93802502831228274 -0.34656752049166561 4.8289094286024967e-16 0.34656752049166573 0.93802502831228285 -7.9320994555241024e-16 -1.6958848498299688e-16 9.3340238198631873e-16 0.99999999999999989</Rotation>
<Translation>-0.055087157653648494 -0.030030535091698989 0.067750000000000032</Translation>
</Transform>
</Instance>
<Instance name="servoholder2-1" uid="servoholder2-1" entityUid="servoholder2*:*默认">
<Transform>
<Rotation>-0.99799296797008619 -3.369082590635588e-16 -0.063324844115548687 -0.063324844115548687 4.2854795406734701e-16 0.99799296797008619 -3.0909434100916936e-16 1 -4.4902250716072304e-16</Rotation>
<Translation>-0.057355490959321048 0.16568697296025214 0.10130385916445304</Translation>
</Transform>
</Instance>
<Instance name="惰轮-2" uid="惰轮-2" entityUid="惰轮*:*默认">
<Transform>
<Rotation>-0.16397877776637498 0.98646386676970899 -1.9777735008137723e-16 0.98646386676970865 0.16397877776637498 1.860998268808747e-15 1.8976948230703348e-15 1.1194246477583359e-16 -1</Rotation>
<Translation>-0.056371385492311847 -0.009791237701265651 0.076250000000000068</Translation>
</Transform>
</Instance>
<Instance name="16齿主动轮-1" uid="16齿主动轮-1" entityUid="16齿主动轮*:*默认">
<Transform>
<Rotation>1 1.2243155746191319e-16 -1.2243155746191319e-16 -1.2243155746191319e-16 0 -1 -1.2243155746191319e-16 1 0</Rotation>
<Translation>-0.17578336065729722 -0.02751856172123044 0.062500000000000028</Translation>
</Transform>
</Instance>
<Instance name="16齿主动轮-2" uid="16齿主动轮-2" entityUid="16齿主动轮*:*默认">
<Transform>
<Rotation>1 0 0 0 1.6347651322111018e-15 -1 0 1 1.6347651322111018e-15</Rotation>
<Translation>0.095670726630566791 -0.010294204121801367 0.062500000000000056</Translation>
</Transform>
</Instance>
<Instance name="十六齿惰轮-1" uid="十六齿惰轮-1" entityUid="十六齿惰轮*:*默认">
<Transform>
<Rotation>1 0 0 0 1 0 0 0 1</Rotation>
<Translation>-0.057102191582858834 0.16169500108837179 0.067052487278386169</Translation>
</Transform>
</Instance>
<Instance name="base-2" uid="base-2" entityUid="base*:*默认">
<Transform>
<Rotation>0.063324844115548701 -3.2984635794393916e-16 -0.9979929679700863 -0.9979929679700863 2.805601223340386e-16 -0.063324844115548728 3.018431606290197e-16 1 -3.2991102272079244e-16</Rotation>
<Translation>-0.050933631232909789 -0.049676944651835794 0.089006454388984538</Translation>
</Transform>
</Instance>
</InstanceTree>
<Constraints>
<Concentric name="同心1">
<ConstraintGeometry geomType="cylinder">
<InstancePath>
<Uid>motor_house-1</Uid>
</InstancePath>
<Position>0 0.050501000000000046 0.029000000000000026</Position>
<Axis>0 -1.0000000000000002 0</Axis>
</ConstraintGeometry>
<ConstraintGeometry geomType="cylinder">
<InstancePath>
<Uid>motor1-1</Uid>
</InstancePath>
<Position>0 0 -0.0019999999999999948</Position>
<Axis>0 0 0.99999999999999978</Axis>
</ConstraintGeometry>
</Concentric>
<Coincident name="重合1">
<ConstraintGeometry geomType="plane">
<InstancePath>
<Uid>motor_house-1</Uid>
</InstancePath>
<Position>-0.020999999999999994 -0.022500000000000006 0.051000000000000018</Position>
<Axis>0 1.0000000000000002 0</Axis>
</ConstraintGeometry>
<ConstraintGeometry geomType="plane">
<InstancePath>
<Uid>motor1-1</Uid>
</InstancePath>
<Position>0 0 0</Position>
<Axis>0 0 -0.99999999999999978</Axis>
</ConstraintGeometry>
</Coincident>
<Concentric name="同心4">
<ConstraintGeometry geomType="cylinder">
<InstancePath>
<Uid>motor_house-1</Uid>
</InstancePath>
<Position>-0.024999999999999984 0.017500000000000012 0</Position>
<Axis>0 0 1.0000000000000002</Axis>
</ConstraintGeometry>
<ConstraintGeometry geomType="cylinder">
<InstancePath>
<Uid>光杆(丝杆)-3</Uid>
</InstancePath>
<Position>0 0 0.28000000000000014</Position>
<Axis>0 0 -1.0000000000000002</Axis>
</ConstraintGeometry>
</Concentric>
<Concentric name="同心5">
<ConstraintGeometry geomType="cylinder">
<InstancePath>
<Uid>motor_house-1</Uid>
</InstancePath>
<Position>0.025000000000000012 0.017500000000000012 0</Position>
<Axis>0 0 1.0000000000000002</Axis>
</ConstraintGeometry>
<ConstraintGeometry geomType="cylinder">
<InstancePath>
<Uid>光杆(丝杆)-4</Uid>
</InstancePath>
<Position>0 0 0.28000000000000014</Position>
<Axis>0 0 -1.0000000000000002</Axis>
</ConstraintGeometry>
</Concentric>
<Distance name="距离1">
<ConstraintGeometry geomType="plane">
<InstancePath>
<Uid>motor_house-1</Uid>
</InstancePath>
<Position>0 0 0.0080000000000000071</Position>
<Axis>0 0 1.0000000000000002</Axis>
</ConstraintGeometry>
<ConstraintGeometry geomType="plane">
<InstancePath>
<Uid>光杆(丝杆)-1</Uid>
</InstancePath>
<Position>0 0 0.28000000000000014</Position>
<Axis>0 0 1.0000000000000002</Axis>
</ConstraintGeometry>
</Distance>
<Coincident name="重合4">
<ConstraintGeometry geomType="plane">
<InstancePath>
<Uid>光杆(丝杆)-1</Uid>
</InstancePath>
<Position>0 0 0.28000000000000014</Position>
<Axis>0 0 1.0000000000000002</Axis>
</ConstraintGeometry>
<ConstraintGeometry geomType="plane">
<InstancePath>
<Uid>光杆(丝杆)-2</Uid>
</InstancePath>
<Position>0 0 0.28000000000000008</Position>
<Axis>0 0 1.0000000000000002</Axis>
</ConstraintGeometry>
</Coincident>
<Coincident name="重合5">
<ConstraintGeometry geomType="plane">
<InstancePath>
<Uid>光杆(丝杆)-1</Uid>
</InstancePath>
<Position>0 0 0.28000000000000014</Position>
<Axis>0 0 1.0000000000000002</Axis>
</ConstraintGeometry>
<ConstraintGeometry geomType="plane">
<InstancePath>
<Uid>光杆(丝杆)-3</Uid>
</InstancePath>
<Position>0 0 0.28000000000000014</Position>
<Axis>0 0 1.0000000000000002</Axis>
</ConstraintGeometry>
</Coincident>
<Coincident name="重合6">
<ConstraintGeometry geomType="plane">
<InstancePath>
<Uid>光杆(丝杆)-2</Uid>
</InstancePath>
<Position>0 0 0.28000000000000008</Position>
<Axis>0 0 1.0000000000000002</Axis>
</ConstraintGeometry>
<ConstraintGeometry geomType="plane">
<InstancePath>
<Uid>光杆(丝杆)-4</Uid>
</InstancePath>
<Position>0 0 0.28000000000000014</Position>
<Axis>0 0 1.0000000000000002</Axis>
</ConstraintGeometry>
</Coincident>
<Concentric name="同心23">
<ConstraintGeometry geomType="cylinder">
<InstancePath>
<Uid>光杆(丝杆)-2</Uid>
</InstancePath>
<Position>0 0 0.28000000000000008</Position>
<Axis>0 0 -1.0000000000000002</Axis>
</ConstraintGeometry>
<ConstraintGeometry geomType="cylinder">
<InstancePath>
<Uid>中心支架下-1</Uid>
</InstancePath>
<Position>-0.010967181467181467 0.0064999999999999988 0.031013513513513523</Position>
<Axis>-1.0000000000000002 0 0</Axis>
</ConstraintGeometry>
</Concentric>
<Concentric name="同心24">
<ConstraintGeometry geomType="cylinder">
<InstancePath>
<Uid>光杆(丝杆)-1</Uid>
</InstancePath>
<Position>0 0 0.28000000000000014</Position>
<Axis>0 0 -1.0000000000000002</Axis>
</ConstraintGeometry>
<ConstraintGeometry geomType="cylinder">
<InstancePath>
<Uid>中心支架下-1</Uid>
</InstancePath>
<Position>-0.01096718146718148 0.0064999999999999988 -0.018986486486486476</Position>
<Axis>-1.0000000000000002 0 0</Axis>
</ConstraintGeometry>
</Concentric>
<Concentric name="同心30">
<ConstraintGeometry geomType="cylinder">
<InstancePath>
<Uid>光杆(丝杆)-5</Uid>
</InstancePath>
<Position>0 0 0.28000000000000008</Position>
<Axis>0 0 -1</Axis>
</ConstraintGeometry>
<ConstraintGeometry geomType="cylinder">
<InstancePath>
<Uid>y_end2-1</Uid>
</InstancePath>
<Position>-0.021499999999999991 0 0.00012499999999998623</Position>
<Axis>0 1 0</Axis>
</ConstraintGeometry>
</Concentric>
<Concentric name="同心31">
<ConstraintGeometry geomType="cylinder">
<InstancePath>
<Uid>光杆(丝杆)-6</Uid>
</InstancePath>
<Position>0 0 0.28000000000000008</Position>
<Axis>0 0 -1</Axis>
</ConstraintGeometry>
<ConstraintGeometry geomType="cylinder">
<InstancePath>
<Uid>y_end2-1</Uid>
</InstancePath>
<Position>0.021500000000000012 0 0.00012499999999998623</Position>
<Axis>0 1 0</Axis>
</ConstraintGeometry>
</Concentric>
<Coincident name="重合8">
<ConstraintGeometry geomType="plane">
<InstancePath>
<Uid>光杆(丝杆)-5</Uid>
</InstancePath>
<Position>0 0 0.28000000000000008</Position>
<Axis>0 0 1</Axis>
</ConstraintGeometry>
<ConstraintGeometry geomType="plane">
<InstancePath>
<Uid>光杆(丝杆)-6</Uid>
</InstancePath>
<Position>0 0 0.28000000000000008</Position>
<Axis>0 0 1</Axis>
</ConstraintGeometry>
</Coincident>
<Coincident name="重合10">
<ConstraintGeometry geomType="plane">
<InstancePath>
<Uid>光杆(丝杆)-6</Uid>
</InstancePath>
<Position>0 0 0</Position>
<Axis>0 0 -1</Axis>
</ConstraintGeometry>
<ConstraintGeometry geomType="plane">
<InstancePath>
<Uid>y_end2-1</Uid>
</InstancePath>
<Position>0 0 0</Position>
<Axis>0 -1 0</Axis>
</ConstraintGeometry>
</Coincident>
<Concentric name="同心33">
<ConstraintGeometry geomType="cylinder">
<InstancePath>
<Uid>中心支架下-1</Uid>
</InstancePath>
<Position>0.008662818532818542 0.021500000000000019 -0.0041364864864864917</Position>
<Axis>0 -1.0000000000000002 0</Axis>
</ConstraintGeometry>
<ConstraintGeometry geomType="cylinder">
<InstancePath>
<Uid>惰轮-3</Uid>
</InstancePath>
<Position>0 0 0.0085000000000000075</Position>
<Axis>0 0 -1</Axis>
</ConstraintGeometry>
</Concentric>
<Coincident name="重合13">
<ConstraintGeometry geomType="plane">
<InstancePath>
<Uid>中心支架下-1</Uid>
</InstancePath>
<Position>0.008662818532818542 -0.0010000000000000009 -0.0041364864864864917</Position>
<Axis>0 -1.0000000000000002 0</Axis>
</ConstraintGeometry>
<ConstraintGeometry geomType="circle">
<InstancePath>
<Uid>惰轮-3</Uid>
</InstancePath>
<Position>0 0 0</Position>
<Axis>0 0 1</Axis>
</ConstraintGeometry>
</Coincident>
<Coincident name="重合14">
<ConstraintGeometry geomType="plane">
<InstancePath>
<Uid>中心支架下-1</Uid>
</InstancePath>
<Position>0.008662818532818542 -0.0010000000000000009 0.016143513513513511</Position>
<Axis>0 -1.0000000000000002 0</Axis>
</ConstraintGeometry>
<ConstraintGeometry geomType="plane">
<InstancePath>
<Uid>惰轮-1</Uid>
</InstancePath>
<Position>0 0 0</Position>
<Axis>0 0 -1</Axis>
</ConstraintGeometry>
</Coincident>
<Coincident name="重合15">
<ConstraintGeometry geomType="circle">
<InstancePath>
<Uid>中心支架下-1</Uid>
</InstancePath>
<Position>0.008662818532818542 -0.0010000000000000009 0.016143513513513511</Position>
<Axis>0 -1.0000000000000002 0</Axis>
</ConstraintGeometry>
<ConstraintGeometry geomType="circle">
<InstancePath>
<Uid>惰轮-1</Uid>
</InstancePath>
<Position>0 0 0</Position>
<Axis>0 0 -1</Axis>
</ConstraintGeometry>
</Coincident>
<Coincident name="重合16">
<ConstraintGeometry geomType="plane">
<InstancePath>
<Uid>中心支架下-1</Uid>
</InstancePath>
<Position>-0.011597181467181465 -0.0010000000000000009 -0.0041364864864864952</Position>
<Axis>0 -1.0000000000000002 0</Axis>
</ConstraintGeometry>
<ConstraintGeometry geomType="plane">
<InstancePath>
<Uid>惰轮-4</Uid>
</InstancePath>
<Position>0 0 0</Position>
<Axis>0 0 -0.99999999999999989</Axis>
</ConstraintGeometry>
</Coincident>
<Concentric name="同心34">
<ConstraintGeometry geomType="cylinder">
<InstancePath>
<Uid>中心支架下-1</Uid>
</InstancePath>
<Position>-0.011597181467181465 0.021500000000000019 -0.0041364864864864952</Position>
<Axis>0 -1.0000000000000002 0</Axis>
</ConstraintGeometry>
<ConstraintGeometry geomType="cylinder">
<InstancePath>
<Uid>惰轮-4</Uid>
</InstancePath>
<Position>0 0 0.0084999999999999937</Position>
<Axis>0 0 -0.99999999999999989</Axis>
</ConstraintGeometry>
</Concentric>
<Coincident name="重合17">
<ConstraintGeometry geomType="plane">
<InstancePath>
<Uid>中心支架下-1</Uid>
</InstancePath>
<Position>-0.011597181467181465 -0.0010000000000000009 0.016143513513513511</Position>
<Axis>0 -1.0000000000000002 0</Axis>
</ConstraintGeometry>
<ConstraintGeometry geomType="plane">
<InstancePath>
<Uid>惰轮-2</Uid>
</InstancePath>
<Position>0 0 0.0085000000000000075</Position>
<Axis>0 0 1</Axis>
</ConstraintGeometry>
</Coincident>
<Coincident name="重合18">
<ConstraintGeometry geomType="cylinder">
<InstancePath>
<Uid>中心支架下-1</Uid>
</InstancePath>
<Position>-0.011597181467181458 0.021500000000000012 0.016143513513513511</Position>
<Axis>0 -1.0000000000000002 0</Axis>
</ConstraintGeometry>
<ConstraintGeometry geomType="circle">
<InstancePath>
<Uid>惰轮-2</Uid>
</InstancePath>
<Position>0 0 0.0085000000000000075</Position>
<Axis>0 0 -1</Axis>
</ConstraintGeometry>
</Coincident>
<Coincident name="重合20">
<ConstraintGeometry geomType="plane">
<InstancePath>
<Uid>光杆(丝杆)-5</Uid>
</InstancePath>
<Position>0 0 0.28000000000000008</Position>
<Axis>0 0 1</Axis>
</ConstraintGeometry>
<ConstraintGeometry geomType="plane">
<InstancePath>
<Uid>y_end1-1</Uid>
</InstancePath>
<Position>0 0 0</Position>
<Axis>0 -1.0000000000000002 0</Axis>
</ConstraintGeometry>
</Coincident>
<Concentric name="同心44">
<ConstraintGeometry geomType="cylinder">
<InstancePath>
<Uid>y_end2-1</Uid>
</InstancePath>
<Position>0.015000000000000013 0 -0.0058750000000000052</Position>
<Axis>0 1 0</Axis>
</ConstraintGeometry>
<ConstraintGeometry geomType="cylinder">
<InstancePath>
<Uid>servoholder2-1</Uid>
</InstancePath>
<Position>-0.014999999999999993 -0.0095538591644531712 0</Position>
<Axis>0 0 1</Axis>
</ConstraintGeometry>
</Concentric>
<Coincident name="重合21">
<ConstraintGeometry geomType="plane">
<InstancePath>
<Uid>y_end2-1</Uid>
</InstancePath>
<Position>0 0 0</Position>
<Axis>0 -1 0</Axis>
</ConstraintGeometry>
<ConstraintGeometry geomType="plane">
<InstancePath>
<Uid>servoholder2-1</Uid>
</InstancePath>
<Position>0 0 0</Position>
<Axis>0 0 -1</Axis>
</ConstraintGeometry>
</Coincident>
<Concentric name="同心47">
<ConstraintGeometry geomType="cylinder">
<InstancePath>
<Uid>y_end2-1</Uid>
</InstancePath>
<Position>-0.015000000000000006 0 -0.0058750000000000052</Position>
<Axis>0 1 0</Axis>
</ConstraintGeometry>
<ConstraintGeometry geomType="cylinder">
<InstancePath>
<Uid>servoholder2-1</Uid>
</InstancePath>
<Position>0.014999999999999999 -0.0095538591644531573 0</Position>
<Axis>0 0 1</Axis>
</ConstraintGeometry>
</Concentric>
<Concentric name="同心50">
<ConstraintGeometry geomType="cylinder">
<InstancePath>
<Uid>Pen Carrige-1</Uid>
</InstancePath>
<Position>0.015000000000000013 0.034999999999999996 0.031</Position>
<Axis>-1 -1.3877787807775605e-16 0</Axis>
</ConstraintGeometry>
<ConstraintGeometry geomType="cylinder">
<InstancePath>
<Uid>Penholder-1</Uid>
</InstancePath>
<Position>0.011703999999999964 0.0090000000000000149 0.044999999999999991</Position>
<Axis>-1.0000000000000002 0 0</Axis>
</ConstraintGeometry>
</Concentric>
<Coincident name="重合23">
<ConstraintGeometry geomType="plane">
<InstancePath>
<Uid>Pen Carrige-1</Uid>
</InstancePath>
<Position>0.014999999999999986 0 0.062000000000000013</Position>
<Axis>1 0 0</Axis>
</ConstraintGeometry>
<ConstraintGeometry geomType="plane">
<InstancePath>
<Uid>Penholder-1</Uid>
</InstancePath>
<Position>0 0 0.060000000000000005</Position>
<Axis>-1.0000000000000002 0 0</Axis>
</ConstraintGeometry>
</Coincident>
<Concentric name="同心51">
<ConstraintGeometry geomType="cylinder">
<InstancePath>
<Uid>motor_house-1</Uid>
</InstancePath>
<Position>0.025000000000000019 -0.022249999999999999 0</Position>
<Axis>0 0 1.0000000000000002</Axis>
</ConstraintGeometry>
<ConstraintGeometry geomType="cylinder">
<InstancePath>
<Uid>光杆(丝杆)-2</Uid>
</InstancePath>
<Position>0 0 0.28000000000000008</Position>
<Axis>0 0 -1.0000000000000002</Axis>
</ConstraintGeometry>
</Concentric>
<Concentric name="同心52">
<ConstraintGeometry geomType="circle">
<InstancePath>
<Uid>motor_house-1</Uid>
</InstancePath>
<Position>-0.024999999999999984 -0.022250000000000006 0.0080000000000000071</Position>
<Axis>0 0 1.0000000000000002</Axis>
</ConstraintGeometry>
<ConstraintGeometry geomType="cylinder">
<InstancePath>
<Uid>光杆(丝杆)-1</Uid>
</InstancePath>
<Position>0 0 0.28000000000000014</Position>
<Axis>0 0 -1.0000000000000002</Axis>
</ConstraintGeometry>
</Concentric>
<Concentric name="同心53">
<ConstraintGeometry geomType="circle">
<InstancePath>
<Uid>motor_house-1</Uid>
</InstancePath>
<Position>-0.024999999999999984 -0.022250000000000006 0.0080000000000000071</Position>
<Axis>0 0 1.0000000000000002</Axis>
</ConstraintGeometry>
<ConstraintGeometry geomType="cylinder">
<InstancePath>
<Uid>光杆(丝杆)-1</Uid>
</InstancePath>
<Position>0 0 0.28000000000000014</Position>
<Axis>0 0 -1.0000000000000002</Axis>
</ConstraintGeometry>
</Concentric>
<Concentric name="同心54">
<ConstraintGeometry geomType="circle">
<InstancePath>
<Uid>motor_house-1</Uid>
</InstancePath>
<Position>-0.024999999999999998 0.017500000000000012 0.0080000000000000071</Position>
<Axis>0 0 1.0000000000000002</Axis>
</ConstraintGeometry>
<ConstraintGeometry geomType="cylinder">
<InstancePath>
<Uid>光杆(丝杆)-3</Uid>
</InstancePath>
<Position>0 0 0.28000000000000014</Position>
<Axis>0 0 -1.0000000000000002</Axis>
</ConstraintGeometry>
</Concentric>
<Concentric name="同心55">
<ConstraintGeometry geomType="circle">
<InstancePath>
<Uid>motor_house-1</Uid>
</InstancePath>
<Position>0.025000000000000022 -0.022249999999999999 0.0080000000000000071</Position>
<Axis>0 0 1.0000000000000002</Axis>
</ConstraintGeometry>
<ConstraintGeometry geomType="circle">
<InstancePath>
<Uid>光杆(丝杆)-2</Uid>
</InstancePath>
<Position>0 0 0.28000000000000008</Position>
<Axis>0 0 1.0000000000000002</Axis>
</ConstraintGeometry>
</Concentric>
<Concentric name="同心56">
<ConstraintGeometry geomType="circle">
<InstancePath>
<Uid>motor_house-1</Uid>
</InstancePath>
<Position>0.025000000000000015 0.017500000000000012 0.0080000000000000071</Position>
<Axis>0 0 1.0000000000000002</Axis>
</ConstraintGeometry>
<ConstraintGeometry geomType="circle">
<InstancePath>
<Uid>光杆(丝杆)-4</Uid>
</InstancePath>
<Position>0 0 0.28000000000000014</Position>
<Axis>0 0 1.0000000000000002</Axis>
</ConstraintGeometry>
</Concentric>
<Distance name="距离3">
<ConstraintGeometry geomType="plane">
<InstancePath>
<Uid>motor_house-3</Uid>
</InstancePath>
<Position>0 0 0.0079999999999999793</Position>
<Axis>0 0 1.0000000000000002</Axis>
</ConstraintGeometry>
<ConstraintGeometry geomType="plane">
<InstancePath>
<Uid>光杆(丝杆)-2</Uid>
</InstancePath>
<Position>0 0 0</Position>
<Axis>0 0 -1.0000000000000002</Axis>
</ConstraintGeometry>
</Distance>
<Concentric name="同心66">
<ConstraintGeometry geomType="cylinder">
<InstancePath>
<Uid>光杆(丝杆)-1</Uid>
</InstancePath>
<Position>0 0 0.28000000000000014</Position>
<Axis>0 0 -1.0000000000000002</Axis>
</ConstraintGeometry>
<ConstraintGeometry geomType="cylinder">
<InstancePath>
<Uid>motor_house-3</Uid>
</InstancePath>
<Position>0.025000000000000015 -0.022250000000000006 0</Position>
<Axis>0 0 1.0000000000000002</Axis>
</ConstraintGeometry>
</Concentric>
<Concentric name="同心67">
<ConstraintGeometry geomType="cylinder">
<InstancePath>
<Uid>光杆(丝杆)-2</Uid>
</InstancePath>
<Position>0 0 0.28000000000000008</Position>
<Axis>0 0 -1.0000000000000002</Axis>
</ConstraintGeometry>
<ConstraintGeometry geomType="circle">
<InstancePath>
<Uid>motor_house-3</Uid>
</InstancePath>
<Position>-0.024999999999999988 -0.022250000000000013 0.0079999999999999932</Position>
<Axis>0 0 1.0000000000000002</Axis>
</ConstraintGeometry>
</Concentric>
<Concentric name="同心68">
<ConstraintGeometry geomType="cylinder">
<InstancePath>
<Uid>光杆(丝杆)-3</Uid>
</InstancePath>
<Position>0 0 0.28000000000000014</Position>
<Axis>0 0 -1.0000000000000002</Axis>
</ConstraintGeometry>
<ConstraintGeometry geomType="circle">
<InstancePath>
<Uid>motor_house-3</Uid>
</InstancePath>
<Position>0.025000000000000015 0.017500000000000005 0.0079999999999999793</Position>
<Axis>0 0 1.0000000000000002</Axis>
</ConstraintGeometry>
</Concentric>
<Concentric name="同心69">
<ConstraintGeometry geomType="cylinder">
<InstancePath>
<Uid>光杆(丝杆)-4</Uid>
</InstancePath>
<Position>0 0 0.28000000000000014</Position>
<Axis>0 0 -1.0000000000000002</Axis>
</ConstraintGeometry>
<ConstraintGeometry geomType="circle">
<InstancePath>
<Uid>motor_house-3</Uid>
</InstancePath>
<Position>-0.024999999999999994 0.017500000000000005 0.0079999999999999932</Position>
<Axis>0 0 1.0000000000000002</Axis>
</ConstraintGeometry>
</Concentric>
<Concentric name="同心70">
<ConstraintGeometry geomType="circle">
<InstancePath>
<Uid>motor_house-3</Uid>
</InstancePath>
<Position>0 -0.025500000000000023 0.029000000000000012</Position>
<Axis>0 -1.0000000000000002 0</Axis>
</ConstraintGeometry>
<ConstraintGeometry geomType="circle">
<InstancePath>
<Uid>motor1-3</Uid>
</InstancePath>
<Position>0 0 -0.0019999999999999948</Position>
<Axis>0 0 -1</Axis>
</ConstraintGeometry>
</Concentric>
<Coincident name="重合36">
<ConstraintGeometry geomType="plane">
<InstancePath>
<Uid>motor_house-3</Uid>
</InstancePath>
<Position>-0.021000000000000005 -0.02250000000000002 0.051000000000000004</Position>
<Axis>0 1.0000000000000002 0</Axis>
</ConstraintGeometry>
<ConstraintGeometry geomType="plane">
<InstancePath>
<Uid>motor1-3</Uid>
</InstancePath>
<Position>0 0 0</Position>
<Axis>0 0 -1</Axis>
</ConstraintGeometry>
</Coincident>
<Concentric name="同心71">
<ConstraintGeometry geomType="circle">
<InstancePath>
<Uid>motor_house-3</Uid>
</InstancePath>
<Position>0.0155 -0.022500000000000013 0.044499999999999998</Position>
<Axis>0 1.0000000000000002 0</Axis>
</ConstraintGeometry>
<ConstraintGeometry geomType="circle">
<InstancePath>
<Uid>motor1-3</Uid>
</InstancePath>
<Position>0.015499999999999986 0.015500000000000003 0.004500000000000004</Position>
<Axis>0 0 -1</Axis>
</ConstraintGeometry>
</Concentric>
<Concentric name="同心72">
<ConstraintGeometry geomType="circle">
<InstancePath>
<Uid>motor_house-1</Uid>
</InstancePath>
<Position>0.015500000000000009 -0.022500000000000006 0.044500000000000012</Position>
<Axis>0 1.0000000000000002 0</Axis>
</ConstraintGeometry>
<ConstraintGeometry geomType="circle">
<InstancePath>
<Uid>motor1-1</Uid>
</InstancePath>
<Position>0.015499999999999126 -0.015500000000000014 0</Position>
<Axis>0 0 -0.99999999999999978</Axis>
</ConstraintGeometry>
</Concentric>
<Concentric name="同心73">
<ConstraintGeometry geomType="cylinder">
<InstancePath>
<Uid>光杆(丝杆)-2</Uid>
</InstancePath>
<Position>0 0 0.28000000000000008</Position>
<Axis>0 0 -1.0000000000000002</Axis>
</ConstraintGeometry>
<ConstraintGeometry geomType="circle">
<InstancePath>
<Uid>中心支架下-1</Uid>
</InstancePath>
<Position>-0.021467181467181476 0.0065000000000000058 0.031013513513513523</Position>
<Axis>-1.0000000000000002 0 1.2490009027033021e-16</Axis>
</ConstraintGeometry>
</Concentric>
<Concentric name="同心74">
<ConstraintGeometry geomType="cylinder">
<InstancePath>
<Uid>光杆(丝杆)-1</Uid>
</InstancePath>
<Position>0 0 0.28000000000000014</Position>
<Axis>0 0 -1.0000000000000002</Axis>
</ConstraintGeometry>
<ConstraintGeometry geomType="cylinder">
<InstancePath>
<Uid>中心支架下-1</Uid>
</InstancePath>
<Position>-0.01096718146718148 0.0064999999999999988 -0.018986486486486476</Position>
<Axis>-1.0000000000000002 0 0</Axis>
</ConstraintGeometry>
</Concentric>
<Concentric name="同心75">
<ConstraintGeometry geomType="cylinder">
<InstancePath>
<Uid>光杆(丝杆)-6</Uid>
</InstancePath>
<Position>0 0 0.28000000000000008</Position>
<Axis>0 0 -1</Axis>
</ConstraintGeometry>
<ConstraintGeometry geomType="cylinder">
<InstancePath>
<Uid>y_end1-1</Uid>
</InstancePath>
<Position>-0.021499999999999991 0 -0.0029999999999999888</Position>
<Axis>0 1.0000000000000002 0</Axis>
</ConstraintGeometry>
</Concentric>
<Concentric name="同心76">
<ConstraintGeometry geomType="cylinder">
<InstancePath>
<Uid>光杆(丝杆)-5</Uid>
</InstancePath>
<Position>0 0 0.28000000000000008</Position>
<Axis>0 0 -1</Axis>
</ConstraintGeometry>
<ConstraintGeometry geomType="cylinder">
<InstancePath>
<Uid>y_end1-1</Uid>
</InstancePath>
<Position>0.021499999999999998 0 -0.0030000000000000027</Position>
<Axis>0 1.0000000000000002 0</Axis>
</ConstraintGeometry>
</Concentric>
<Coincident name="重合37">
<ConstraintGeometry geomType="plane">
<InstancePath>
<Uid>motor1-1</Uid>
</InstancePath>
<Position>0 0 -0.0019999999999999948</Position>
<Axis>0 0 -0.99999999999999978</Axis>
</ConstraintGeometry>
<ConstraintGeometry geomType="plane">
<InstancePath>
<Uid>16齿主动轮-1</Uid>
</InstancePath>
<Position>0 0 0</Position>
<Axis>0 -1 0</Axis>
</ConstraintGeometry>
</Coincident>
<Concentric name="同心77">
<ConstraintGeometry geomType="cylinder">
<InstancePath>
<Uid>motor1-1</Uid>
</InstancePath>
<Position>0 0 -0.02399999999999998</Position>
<Axis>0 0 0.99999999999999978</Axis>
</ConstraintGeometry>
<ConstraintGeometry geomType="cylinder">
<InstancePath>
<Uid>16齿主动轮-1</Uid>
</InstancePath>
<Position>0 0 0</Position>
<Axis>0 1 0</Axis>
</ConstraintGeometry>
</Concentric>
<Coincident name="重合38">
<ConstraintGeometry geomType="plane">
<InstancePath>
<Uid>motor1-3</Uid>
</InstancePath>
<Position>0 0 -0.0019999999999999948</Position>
<Axis>0 0 -1</Axis>
</ConstraintGeometry>
<ConstraintGeometry geomType="plane">
<InstancePath>
<Uid>16齿主动轮-2</Uid>
</InstancePath>
<Position>0 0 0</Position>
<Axis>0 -1 0</Axis>
</ConstraintGeometry>
</Coincident>
<Concentric name="同心78">
<ConstraintGeometry geomType="cylinder">
<InstancePath>
<Uid>motor1-3</Uid>
</InstancePath>
<Position>0 0 -0.024</Position>
<Axis>0 0 1</Axis>
</ConstraintGeometry>
<ConstraintGeometry geomType="cylinder">
<InstancePath>
<Uid>16齿主动轮-2</Uid>
</InstancePath>
<Position>0 0 0</Position>
<Axis>0 1 0</Axis>
</ConstraintGeometry>
</Concentric>
<Coincident name="重合39">
<ConstraintGeometry geomType="plane">
<InstancePath>
<Uid>光杆(丝杆)-1</Uid>
</InstancePath>
<Position>0 0 0</Position>
<Axis>0 0 -1.0000000000000002</Axis>
</ConstraintGeometry>
<ConstraintGeometry geomType="plane">
<InstancePath>
<Uid>光杆(丝杆)-2</Uid>
</InstancePath>
<Position>0 0 0</Position>
<Axis>0 0 -1.0000000000000002</Axis>
</ConstraintGeometry>
</Coincident>
<Concentric name="同心79">
<ConstraintGeometry geomType="cylinder">
<InstancePath>
<Uid>y_end2-1</Uid>
</InstancePath>
<Position>0 0.0040000000000000313 0.0098749999999999949</Position>
<Axis>0 0 -0.99999999999999989</Axis>
</ConstraintGeometry>
<ConstraintGeometry geomType="cylinder">
<InstancePath>
<Uid>十六齿惰轮-1</Uid>
</InstancePath>
<Position>0 0 0</Position>
<Axis>0 0 1</Axis>
</ConstraintGeometry>
</Concentric>
<Coincident name="重合594">
<ConstraintGeometry geomType="plane">
<InstancePath>
<Uid>servoholder2-1</Uid>
</InstancePath>
<Position>0 0 0.0040000000000000036</Position>
<Axis>0 0 1</Axis>
</ConstraintGeometry>
<ConstraintGeometry geomType="plane">
<InstancePath>
<Uid>SG90 - Micro Servo 9g - Tower Pro.1_Pe_X_87a-1</Uid>
</InstancePath>
<Position>-0.015199999999999998 0.0051499999999999879 0.0052500000000000047</Position>
<Axis>0 -1.0000000000000002 0</Axis>
</ConstraintGeometry>
</Coincident>
<Concentric name="同心940">
<ConstraintGeometry geomType="cylinder">
<InstancePath>
<Uid>servoholder2-1</Uid>
</InstancePath>
<Position>-0.013900000000000003 0.00361065580462612 0</Position>
<Axis>0 0 1</Axis>
</ConstraintGeometry>
<ConstraintGeometry geomType="cylinder">
<InstancePath>
<Uid>SG90 - Micro Servo 9g - Tower Pro.1_Pe_X_87a-1</Uid>
</InstancePath>
<Position>0.01390000000000001 -0.010550000000000032 0</Position>
<Axis>0 1.0000000000000002 0</Axis>
</ConstraintGeometry>
</Concentric>
<Tangent name="相切1">
<ConstraintGeometry geomType="cylinder">
<InstancePath>
<Uid>servoholder2-1</Uid>
</InstancePath>
<Position>-0.026000000000000002 0.015001 0.020000000000000018</Position>
<Axis>0 -1 0</Axis>
</ConstraintGeometry>
<ConstraintGeometry geomType="cylinder">
<InstancePath>
<Uid>Pen Carrige-1</Uid>
</InstancePath>
<Position>0.0040000000000000036 -0.0020000000000000018 0.057000000000000002</Position>
<Axis>0 1 0</Axis>
</ConstraintGeometry>
</Tangent>
<Concentric name="同心943">
<ConstraintGeometry geomType="circle">
<InstancePath>
<Uid>SG90 - Micro Servo 9g - Tower Pro.1_Pe_X_87a-1</Uid>
</InstancePath>
<Position>-0.0051500000000000018 0.019299999999999984 0</Position>
<Axis>0 1.0000000000000002 0</Axis>
</ConstraintGeometry>
<ConstraintGeometry geomType="cylinder">
<InstancePath>
<Uid>舵机旋转叶片-1</Uid>
</InstancePath>
<Position>0 0.0060000000000000053 0</Position>
<Axis>0 -1.0000000000000002 0</Axis>
</ConstraintGeometry>
</Concentric>
<Coincident name="重合597">
<ConstraintGeometry geomType="plane">
<InstancePath>
<Uid>SG90 - Micro Servo 9g - Tower Pro.1_Pe_X_87a-1</Uid>
</InstancePath>
<Position>-0.0051500000000000018 0.019299999999999984 0</Position>
<Axis>0 1.0000000000000002 0</Axis>
</ConstraintGeometry>
<ConstraintGeometry geomType="plane">
<InstancePath>
<Uid>舵机旋转叶片-1</Uid>
</InstancePath>
<Position>0 0.0040000000000000036 0</Position>
<Axis>0 1.0000000000000002 0</Axis>
</ConstraintGeometry>
</Coincident>
<Concentric name="同心944">
<ConstraintGeometry geomType="cylinder">
<InstancePath>
<Uid>Pen Carrige-1</Uid>
</InstancePath>
<Position>0.0040000000000000036 -0.0020000000000000018 0.0050000000000000044</Position>
<Axis>0 1 0</Axis>
</ConstraintGeometry>
<ConstraintGeometry geomType="cylinder">
<InstancePath>
<Uid>servoholder2-1</Uid>
</InstancePath>
<Position>0.025999999999999988 0.015001 0.01999999999999999</Position>
<Axis>0 -1 0</Axis>
</ConstraintGeometry>
</Concentric>
<Concentric name="同心945">
<ConstraintGeometry geomType="cylinder">
<InstancePath>
<Uid>servoholder2-1</Uid>
</InstancePath>
<Position>0.01390000000000001 0.0036106558046261339 0</Position>
<Axis>0 0 1</Axis>
</ConstraintGeometry>
<ConstraintGeometry geomType="cylinder">
<InstancePath>
<Uid>SG90 - Micro Servo 9g - Tower Pro.1_Pe_X_87a-1</Uid>
</InstancePath>
<Position>-0.013899999999999996 -0.010550000000000032 0</Position>
<Axis>0 1.0000000000000002 0</Axis>
</ConstraintGeometry>
</Concentric>
<Tangent name="相切2">
<ConstraintGeometry geomType="plane">
<InstancePath>
<Uid>Pen Carrige-1</Uid>
</InstancePath>
<Position>0.052048596183463719 0.057021000000000009 0.009999999999999995</Position>
<Axis>0 -1 0</Axis>
</ConstraintGeometry>
<ConstraintGeometry geomType="cylinder">
<InstancePath>
<Uid>舵机旋转叶片-1</Uid>
</InstancePath>
<Position>0 0.00099999999999997313 0.014750000000000013</Position>
<Axis>0 -1.0000000000000002 0</Axis>
</ConstraintGeometry>
</Tangent>
<Concentric name="同心946">
<ConstraintGeometry geomType="cylinder">
<InstancePath>
<Uid>Pen Carrige-1</Uid>
</InstancePath>
<Position>0.0040000000000000036 -0.0020000000000000018 0.057000000000000002</Position>
<Axis>0 1 0</Axis>
</ConstraintGeometry>
<ConstraintGeometry geomType="cylinder">
<InstancePath>
<Uid>木棍-1</Uid>
</InstancePath>
<Position>0 0 0.070000000000000021</Position>
<Axis>0 0 -1</Axis>
</ConstraintGeometry>
</Concentric>
<Concentric name="同心947">
<ConstraintGeometry geomType="cylinder">
<InstancePath>
<Uid>Pen Carrige-1</Uid>
</InstancePath>
<Position>0.0040000000000000036 -0.0020000000000000018 0.0050000000000000044</Position>
<Axis>0 1 0</Axis>
</ConstraintGeometry>
<ConstraintGeometry geomType="cylinder">
<InstancePath>
<Uid>木棍-2</Uid>
</InstancePath>
<Position>0 0 0.069999999999999979</Position>
<Axis>0 0 -0.99999999999999989</Axis>
</ConstraintGeometry>
</Concentric>
<Concentric name="同心951">
<ConstraintGeometry geomType="cylinder">
<InstancePath>
<Uid>光杆(丝杆)-5</Uid>
</InstancePath>
<Position>0 0 0.28000000000000008</Position>
<Axis>0 0 -1</Axis>
</ConstraintGeometry>
<ConstraintGeometry geomType="cylinder">
<InstancePath>
<Uid>base-2</Uid>
</InstancePath>
<Position>-0.060000000000000019 -0.0032564543889845032 0.014271084337349388</Position>
<Axis>1.0000000000000002 0 0</Axis>
</ConstraintGeometry>
</Concentric>
<Concentric name="同心952">
<ConstraintGeometry geomType="cylinder">
