<?xml version="1.0" encoding="UTF-8" standalone="no" ?>
<SimscapeMultibodyImportXML version="2.0" xmlns="urn:mathworks:SimscapeMultibody:import" xmlns:xsi="http://www.w3.org/2001/XMLSchema-instance">
<Created by="" on="11/30/22||11:25:36" using="Simscape Multibody Link Version 6.1" from="SolidWorks 29.0.0"/>
<ModelUnits mass="kilogram" length="millimeter"/>
<DataUnits mass="kilogram" length="meter"/>
<RootAssembly name="写字机器人1" uid="写字机器人1" version="1049">
<AssemblyFile name="写字机器人1.SLDASM" type="SolidWorks Assembly"/>
<InstanceTree>
<Instance name="Pen Carrige-1" uid="Pen Carrige-1" entityUid="Pen Carrige*:*默认">
<Transform>
<Rotation>-0.063324844115549297 3.8953122248586605e-16 0.99799296797008619 0.99799296797008619 -1.7134955124112634e-15 0.063324844115549297 1.734723475976797e-15 1 -2.8024258462954892e-16</Rotation>
<Translation>-0.14020199221852642 0.14512912976839978 0.062303859164453357</Translation>
</Transform>
</Instance>
<Instance name="base-1" uid="base-1" entityUid="base*:*默认">
<Transform>
<Rotation>-0.063324844115549325 1.4112122309641468e-16 0.99799296797008619 0.99799296797008608 -2.4292364324252158e-16 0.063324844115549325 2.145917538736563e-16 1.0000000000000002 -1.2604647884926004e-16</Rotation>
<Translation>-0.093181285607932679 0.0077830532769000271 0.089006454388984579</Translation>
</Transform>
</Instance>
<Instance name="motor_house-1" uid="motor_house-1" grounded="true" entityUid="motor_house*:*默认">
<Transform>
<Rotation>-0.063324844115549242 -1.214306433183765e-16 -0.9979929679700863 0.99799296797008619 2.9143354396410359e-16 -0.063324844115549256 2.9143354396410359e-16 -1.0000000000000002 1.0060320738388647e-16</Rotation>
<Translation>-0.14684156458616426 -0.025682141241879935 0.038000000000000027</Translation>
</Transform>
</Instance>
<Instance name="hexagon head bolts-full thread gb-3" uid="hexagon head bolts-full thread gb-3" entityUid="hexagon head bolts-full thread gb*:*GB_FASTENER_BOLT_STBAB A M3X6-N">
<Transform>
<Rotation>0 1.5126788423853878e-15 1 -1.5126788423853878e-15 1 -1.5126788423853878e-15 -1 -1.5126788423853878e-15 0</Rotation>
<Translation>0.11212115271789086 -0.024781560041546878 0.065625000000000128</Translation>
</Transform>
</Instance>
<Instance name="惰轮-1" uid="惰轮-1" entityUid="惰轮*:*默认">
<Transform>
<Rotation>0.037979064254622164 -0.99927853508335873 1.7820762979551771e-16 0.99927853508335862 0.037979064254622136 -1.3049270579629641e-15 1.3082095202293902e-15 2.2759977947199176e-16 1</Rotation>
<Translation>-0.089027759187193856 -0.011863356283236939 0.067750000000000074</Translation>
</Transform>
</Instance>
<Instance name="惰轮-3" uid="惰轮-3" entityUid="惰轮*:*默认">
<Transform>
<Rotation>0.037979064254621976 -0.99927853508335873 1.6050475022299289e-16 0.99927853508335873 0.037979064254621976 -8.151867504043299e-16 8.0850280154151123e-16 1.9134898164987525e-16 1</Rotation>
<Translation>-0.087743531348530551 -0.032102653673670302 0.067750000000000032</Translation>
</Transform>
</Instance>
<Instance name="光杆(丝杆)-1" uid="光杆(丝杆)-1" entityUid="光杆(丝杆)*:*默认">
<Transform>
<Rotation>0.0040100358822587126 -0.063197749125120023 -0.9979929679700863 -0.063197749125120037 0.99598996411774143 -0.063324844115549256 0.9979929679700863 0.063324844115549242 1.0060320738388647e-16</Rotation>
<Translation>0.10124581960533582 -0.034990728944591418 0.060249999999999998</Translation>
</Transform>
</Instance>
<Instance name="光杆(丝杆)-2" uid="光杆(丝杆)-2" entityUid="光杆(丝杆)*:*默认">
<Transform>
<Rotation>0.0040100358822587126 -0.063197749125120023 -0.9979929679700863 -0.063197749125120037 0.99598996411774143 -0.063324844115549256 0.9979929679700863 0.063324844115549242 1.0060320738388647e-16</Rotation>
<Translation>0.098079577399558401 0.014908919453912898 0.060250000000000067</Translation>
</Transform>
</Instance>
<Instance name="Penholder-1" uid="Penholder-1" entityUid="Penholder*:*默认">
<Transform>
<Rotation>-0.063324844115549284 -0.99745839013444149 -0.032660742002434406 0.99799296797008596 -0.063290923978638169 -0.0020723957606745324 1.8735013540549406e-15 -0.032726424985605219 0.99946434709181164</Rotation>
<Translation>-0.099767223971867561 0.1627249705805712 0.052622501370192323</Translation>
</Transform>
</Instance>
<Instance name="servoholder2-1" uid="servoholder2-1" entityUid="servoholder2*:*默认">
<Transform>
<Rotation>-0.99799296797008608 0 -0.063324844115549367 -0.063324844115549367 -2.3286986852568277e-16 0.99799296797008608 0 1 2.3838885584186528e-16</Rotation>
<Translation>-0.10901091083499166 0.14310022806410144 0.10130385916445327</Translation>
</Transform>
</Instance>
<Instance name="motor1-3" uid="motor1-3" entityUid="motor1*:*默认">
<Transform>
<Rotation>0.99799296797008608 0.063324844115548867 0 0.06332484411554884 -0.9979929679700863 -1.6347651322111018e-15 0 1.6237011735142914e-15 -1</Rotation>
<Translation>0.09567072663056353 -0.010294204121801466 0.060500000000000081</Translation>
</Transform>
</Instance>
<Instance name="光杆(丝杆)-3" uid="光杆(丝杆)-3" entityUid="光杆(丝杆)*:*默认">
<Transform>
<Rotation>0.0040100358822587126 -0.063197749125120023 -0.9979929679700863 -0.063197749125120037 0.99598996411774143 -0.063324844115549256 0.9979929679700863 0.063324844115549242 1.0060320738388647e-16</Rotation>
<Translation>0.10124581960533582 -0.034990728944591411 0.020499999999999966</Translation>
</Transform>
</Instance>
<Instance name="光杆(丝杆)-4" uid="光杆(丝杆)-4" entityUid="光杆(丝杆)*:*默认">
<Transform>
<Rotation>0.0040100358822587126 -0.063197749125120023 -0.9979929679700863 -0.063197749125120037 0.99598996411774143 -0.063324844115549256 0.9979929679700863 0.063324844115549242 1.0060320738388647e-16</Rotation>
<Translation>0.09807957739955836 0.014908919453912929 0.020499999999999994</Translation>
</Transform>
</Instance>
<Instance name="惰轮-4" uid="惰轮-4" entityUid="惰轮*:*默认">
<Transform>
<Rotation>0.93802502831228274 -0.34656752049166561 4.8289094286024967e-16 0.34656752049166573 0.93802502831228285 -7.9320994555241024e-16 -1.6958848498299688e-16 9.3340238198631873e-16 0.99999999999999989</Rotation>
<Translation>-0.10796286887960449 -0.033385615015451335 0.067750000000000046</Translation>
</Transform>
</Instance>
<Instance name="y_end1-1" uid="y_end1-1" entityUid="y_end1*:*默认">
<Transform>
<Rotation>-0.99799296797008608 -0.063324844115549339 1.4921219366332118e-16 -0.063324844115549339 0.99799296797008608 0 -1.4482568200505059e-16 0 -1</Rotation>
<Translation>-0.091279954482637829 -0.13633780296752282 0.082750000000000032</Translation>
</Transform>
</Instance>
<Instance name="16齿主动轮-2" uid="16齿主动轮-2" entityUid="16齿主动轮*:*默认">
<Transform>
<Rotation>1 0 0 0 1.6347651322111018e-15 -1 0 1 1.6347651322111018e-15</Rotation>
<Translation>0.095670726630563516 -0.010294204121801535 0.062500000000000097</Translation>
</Transform>
</Instance>
<Instance name="十六齿惰轮-1" uid="十六齿惰轮-1" entityUid="十六齿惰轮*:*默认">
<Transform>
<Rotation>1 0 0 0 1 0 0 0 1</Rotation>
<Translation>-0.10875761145852944 0.13910825619222109 0.066999999999994828</Translation>
</Transform>
</Instance>
<Instance name="y_end2-1" uid="y_end2-1" entityUid="y_end2*:*默认">
<Transform>
<Rotation>0.99799296797008608 0.063324844115549339 -2.7114258430647952e-16 0.063324844115549325 -0.99799296797008619 1.9138086275415916e-16 -2.5847922915449632e-16 -2.0816681711669803e-16 -1</Rotation>
<Translation>-0.10901091083499163 0.14310022806410144 0.085875000000000104</Translation>
</Transform>
</Instance>
<Instance name="中心支架下-1" uid="中心支架下-1" entityUid="中心支架下*:*Default">
<Transform>
<Rotation>0.9979929679700863 -1.7021410038031165e-16 -0.063324844115549506 0.06332484411554952 1.45869532689838e-15 0.99799296797008619 0 -1.0000000000000002 1.4432899320127035e-15</Rotation>
<Translation>-0.096650905689027219 -0.02852304088124551 0.066750000000000045</Translation>
</Transform>
</Instance>
<Instance name="motor_house-3" uid="motor_house-3" entityUid="motor_house*:*默认">
<Transform>
<Rotation>0.063324844115549242 0 0.9979929679700863 -0.99799296797008619 -1.5126788423853881e-15 0.063324844115549256 1.5404344466674047e-15 -1.0000000000000002 -1.0060275469603339e-16</Rotation>
<Translation>0.066728930559431035 -0.012130624601152429 0.038000000000000082</Translation>
</Transform>
</Instance>
<Instance name="motor1-1" uid="motor1-1" entityUid="motor1*:*默认">
<Transform>
<Rotation>-0.06332484411552125 0.99799296797008774 -1.2243155746191317e-16 0.99799296797008796 0.063324844115521223 0 0 -1.2246467991473525e-16 -0.99999999999999978</Rotation>
<Translation>-0.17578336065729722 -0.027518561721230447 0.060500000000000033</Translation>
</Transform>
</Instance>
<Instance name="光杆(丝杆)-5" uid="光杆(丝杆)-5" entityUid="光杆(丝杆)*:*默认">
<Transform>
<Rotation>-0.80818126143567903 -0.58551943843219367 0.063324844115742726 -0.051280874755836599 -0.037152493409720391 -0.99799296797007386 0.58669695801879762 -0.80980656915802374 -5.2388648974499574e-16</Rotation>
<Translation>-0.13046775964637536 0.14173874391559171 0.085750000000001034</Translation>
</Transform>
</Instance>
<Instance name="16齿主动轮-1" uid="16齿主动轮-1" entityUid="16齿主动轮*:*默认">
<Transform>
<Rotation>1 1.2243155746191319e-16 -1.2243155746191319e-16 -1.2243155746191319e-16 0 -1 -1.2243155746191319e-16 1 0</Rotation>
<Translation>-0.17578336065729722 -0.02751856172123044 0.062500000000000028</Translation>
</Transform>
</Instance>
<Instance name="光杆(丝杆)-6" uid="光杆(丝杆)-6" entityUid="光杆(丝杆)*:*默认">
<Transform>
<Rotation>0.18037229020012224 -0.98155784396320955 0.063324844115549367 0.011445017676747271 -0.062281999427102226 -0.99799296797008619 0.98353182383608828 0.18073503119666134 -2.695556862620266e-16</Rotation>
<Translation>-0.087554062023634777 0.14446171221258566 0.085750000000000104</Translation>
</Transform>
</Instance>
<Instance name="惰轮-2" uid="惰轮-2" entityUid="惰轮*:*默认">
<Transform>
<Rotation>-0.16397877776637498 0.98646386676970899 -1.9777735008137723e-16 0.98646386676970865 0.16397877776637498 1.860998268808747e-15 1.8976948230703348e-15 1.1194246477583359e-16 -1</Rotation>
<Translation>-0.10924709671826784 -0.013146317625017993 0.076250000000000082</Translation>
</Transform>
</Instance>
<Instance name="hexagon head bolts-full thread gb-1" uid="hexagon head bolts-full thread gb-1" entityUid="hexagon head bolts-full thread gb*:*GB_FASTENER_BOLT_STBAB A M3X6-N">
<Transform>
<Rotation>0 0.60099273687264287 0.79925448402015908 -1.5126788423853986e-15 0.79925448402015908 -0.60099273687264287 -1 -1.2121427447715351e-15 9.0494990203100884e-16</Rotation>
<Translation>0.11015808255030886 0.0061562219655257912 0.065625000000000072</Translation>
</Transform>
</Instance>
<Instance name="hexagon head bolts-full thread gb-2" uid="hexagon head bolts-full thread gb-2" entityUid="hexagon head bolts-full thread gb*:*GB_FASTENER_BOLT_STBAB A M3X6-N">
<Transform>
<Rotation>0 1.5126788423853878e-15 1 -1.5126788423853878e-15 1 -1.5126788423853878e-15 -1 -1.5126788423853878e-15 0</Rotation>
<Translation>0.079220300543236186 0.0041931517979437883 0.065625000000000072</Translation>
</Transform>
</Instance>
<Instance name="hex nuts, style 1-grades ab gb-4" uid="hex nuts, style 1-grades ab gb-4" entityUid="hex nuts, style 1-grades ab gb*:*GB_FASTENER_NUT_SNAB1 M3-N">
<Transform>
<Rotation>-0.59005478736231576 0.80487596064769729 0.063324844115549783 -0.037440271252967207 0.051071146166528497 -0.99799296797008608 -0.80649462118436754 -0.59124142784541367 1.6237011735142914e-15</Rotation>
<Translation>0.070239633616033192 -0.0042925786681174737 0.073500000000000079</Translation>
</Transform>
</Instance>
<Instance name="hexagon head bolts-full thread gb-8" uid="hexagon head bolts-full thread gb-8" entityUid="hexagon head bolts-full thread gb*:*GB_FASTENER_BOLT_STBAB A M3X6-N">
<Transform>
<Rotation>-1.2143064331837647e-16 -2.9143354396410349e-16 1 2.9143354396410354e-16 1 2.9143354396410354e-16 -1 2.9143354396410359e-16 -1.214306433183764e-16</Rotation>
<Translation>-0.15933293456996941 -0.042005917640976186 0.065625000000000017</Translation>
</Transform>
</Instance>
<Instance name="hexagon head bolts-full thread gb-25" uid="hexagon head bolts-full thread gb-25" entityUid="hexagon head bolts-full thread gb*:*PreviewCfg">
<Transform>
<Rotation>2.1804497871799215e-16 -0.91960670040823345 0.3928403194228946 -1.6989089784336822e-15 -0.3928403194228946 -0.91960670040823345 1 -4.6688432233887439e-16 -1.6479849390394543e-15</Rotation>
<Translation>-0.087743531348530551 -0.032102653673670274 0.058125000000000052</Translation>
</Transform>
</Instance>
<Instance name="hexagon head bolts gb-9" uid="hexagon head bolts gb-9" entityUid="hexagon head bolts gb*:*GB_FASTENER_BOLT_SB A M3X30-N">
<Transform>
<Rotation>0 1.4586953268983796e-15 -1 -1.4586953268983794e-15 1 1.4586953268983796e-15 1 1.4586953268983794e-15 0</Rotation>
<Translation>-0.097736049152453763 -0.034590421335305446 0.057625000000000037</Translation>
</Transform>
</Instance>
<Instance name="hex nuts, style 1-grades ab gb-5" uid="hex nuts, style 1-grades ab gb-5" entityUid="hex nuts, style 1-grades ab gb*:*GB_FASTENER_NUT_SNAB1 M3-N">
<Transform>
<Rotation>1 0 0 0 1 0 0 0 1</Rotation>
<Translation>-0.099255845411226951 -0.010638590104023423 0.088150000000000062</Translation>
</Transform>
</Instance>
<Instance name="hexagon head bolts-full thread gb-9" uid="hexagon head bolts-full thread gb-9" entityUid="hexagon head bolts-full thread gb*:*GB_FASTENER_BOLT_STBAB A M3X30-S">
<Transform>
<Rotation>-0.063324844115549256 -0.99799296797008619 1.5398362179642282e-15 0.99799296797008619 -0.063324844115549256 1.6412383530768148e-15 -1.5404344466674049e-15 1.6406768802190018e-15 1</Rotation>
<Translation>0.073388461489678855 -0.053917779000430044 0.07350000000000019</Translation>
</Transform>
</Instance>
<Instance name="hex nuts, style 1-grades ab gb-6" uid="hex nuts, style 1-grades ab gb-6" entityUid="hex nuts, style 1-grades ab gb*:*GB_FASTENER_NUT_SNAB1 M3-N">
<Transform>
<Rotation>1 0 0 0 1 0 0 0 1</Rotation>
<Translation>-0.10924709671826782 -0.013146317625017882 0.088150000000000062</Translation>
</Transform>
</Instance>
<Instance name="hex nuts, style 1-grades ab gb-2" uid="hex nuts, style 1-grades ab gb-2" entityUid="hex nuts, style 1-grades ab gb*:*GB_FASTENER_NUT_SNAB1 M3-N">
<Transform>
<Rotation>0.93260736915233278 -0.35529348308195313 -0.063324844115549284 0.059175984368613523 -0.022544151265111459 0.99799296797008608 -0.35600800254596854 -0.93448290627663699 0</Rotation>
<Translation>-0.15019297459687553 -0.036030629038072616 0.073500000000000079</Translation>
</Transform>
</Instance>
<Instance name="hexagon head bolts-full thread gb-21" uid="hexagon head bolts-full thread gb-21" entityUid="hexagon head bolts-full thread gb*:*PreviewCfg">
<Transform>
<Rotation>2.8264797314198061e-16 -0.52208126468398841 -0.85289574571923343 -2.3149729085346433e-16 0.85289574571923354 -0.5220812646839883 1 3.4500826579277906e-16 1.2020885544926552e-16</Rotation>
<Translation>-0.10924709671826784 -0.013146317625017877 0.058125000000000072</Translation>
</Transform>
</Instance>
<Instance name="hex nuts, style 1-grades ab gb-3" uid="hex nuts, style 1-grades ab gb-3" entityUid="hex nuts, style 1-grades ab gb*:*GB_FASTENER_NUT_SNAB1 M3-N">
<Transform>
<Rotation>0.81191921927997956 -0.58032503433983418 -0.063324844115549589 0.05151805638460559 -0.036822897069775137 0.99799296797008608 -0.58149210762497983 -0.81355204429087313 -1.124100812432971e-15</Rotation>
<Translation>0.071202171246589535 -0.019462071781262823 0.073500000000000121</Translation>
</Transform>
</Instance>
<Instance name="hexagon head bolts gb-1" uid="hexagon head bolts gb-1" entityUid="hexagon head bolts gb*:*GB_FASTENER_BOLT_SB A M3X30-N">
<Transform>
<Rotation>0.063324844115549256 0.99799296797008619 -1.4318719769257812e-15 -0.99799296797008619 0.063324844115549256 1.5752185995418957e-15 1.6627301550907475e-15 1.3292476917414504e-15 1</Rotation>
<Translation>0.068021680950886065 0.030662125035034755 0.073500000000000051</Translation>
</Transform>
</Instance>
<Instance name="hexagon head bolts-full thread gb-14" uid="hexagon head bolts-full thread gb-14" entityUid="hexagon head bolts-full thread gb*:*PreviewCfg">
<Transform>
<Rotation>-0.063324844115549256 -0.83860977458278296 -0.54103937942811098 0.99799296797008641 -0.053211630696402119 -0.034330136045293058 2.7552652106250802e-16 -0.54212744657768774 0.84029627612358049</Rotation>
<Translation>-0.1481659773996771 -0.067975894394082026 0.073499999999999982</Translation>
</Transform>
</Instance>
<Instance name="hexagon head bolts-full thread gb-5" uid="hexagon head bolts-full thread gb-5" entityUid="hexagon head bolts-full thread gb*:*GB_FASTENER_BOLT_STBAB A M3X6-N">
<Transform>
<Rotation>-1.2143064331837647e-16 -2.9143354396410349e-16 1 2.9143354396410354e-16 1 2.9143354396410354e-16 -1 2.9143354396410359e-16 -1.214306433183764e-16</Rotation>
<Translation>-0.16129600473755146 -0.01106813563390352 0.065625000000000017</Translation>
</Transform>
</Instance>
<Instance name="hexagon head bolts-full thread gb-7" uid="hexagon head bolts-full thread gb-7" entityUid="hexagon head bolts-full thread gb*:*GB_FASTENER_BOLT_STBAB A M3X6-N">
<Transform>
<Rotation>-1.2143064331837647e-16 -2.9143354396410349e-16 1 2.9143354396410354e-16 1 2.9143354396410354e-16 -1 2.9143354396410359e-16 -1.214306433183764e-16</Rotation>
<Translation>-0.19027071657704206 -0.043968987808558214 0.065625000000000017</Translation>
</Transform>
</Instance>
<Instance name="hexagon head bolts-full thread gb-6" uid="hexagon head bolts-full thread gb-6" entityUid="hexagon head bolts-full thread gb*:*GB_FASTENER_BOLT_STBAB A M3X6-N">
<Transform>
<Rotation>-1.2143064331837647e-16 -2.9143354396410349e-16 1 2.9143354396410354e-16 1 2.9143354396410354e-16 -1 2.9143354396410359e-16 -1.214306433183764e-16</Rotation>
<Translation>-0.19223378674462413 -0.013031205801485545 0.065625000000000017</Translation>
</Transform>
</Instance>
<Instance name="hexagon head bolts-full thread gb-15" uid="hexagon head bolts-full thread gb-15" entityUid="hexagon head bolts-full thread gb*:*PreviewCfg">
<Transform>
<Rotation>0.063324844115549256 0.99799296797008619 2.8911362574090281e-16 -0.99799296797008619 0.063324844115549256 -2.7367474265667009e-16 -2.9143354396410364e-16 -2.7120295501665962e-16 1</Rotation>
<Translation>-0.15350109551641214 0.016105013157397735 0.073500000000000051</Translation>
</Transform>
</Instance>
<Instance name="hex nuts, style 1-grades ab gb-1" uid="hex nuts, style 1-grades ab gb-1" entityUid="hex nuts, style 1-grades ab gb*:*GB_FASTENER_NUT_SNAB1 M3-N">
<Transform>
<Rotation>0.063197749125120231 -0.99598996411774154 -0.0633248441155492 0.0040100358822589112 -0.063197749125119967 0.9979929679700863 -0.9979929679700863 -0.06332484411554945 2.9105773306167385e-16</Rotation>
<Translation>-0.15151655822667492 -0.015171088465816746 0.073500000000000038</Translation>
</Transform>
</Instance>
<Instance name="hexagon head bolts-full thread gb-16" uid="hexagon head bolts-full thread gb-16" entityUid="hexagon head bolts-full thread gb*:*PreviewCfg">
<Transform>
<Rotation>0 -0.1339635153541226 -0.99098626456372541 2.9858268625426372e-15 0.99098626456372541 -0.1339635153541226 1 -2.9486748034750086e-15 4.7573127254308592e-16</Rotation>
<Translation>-0.089027759187193897 -0.011863356283236651 0.0581250000000001</Translation>
</Transform>
</Instance>
<Instance name="hexagon head bolts-full thread gb-24" uid="hexagon head bolts-full thread gb-24" entityUid="hexagon head bolts-full thread gb*:*PreviewCfg">
<Transform>
<Rotation>0 0.24996001429496428 -0.96825615993582059 2.9858268625428225e-15 0.96825615993582059 0.24996001429496439 1 -2.9101492747198892e-15 -6.7233513902833082e-16</Rotation>
<Translation>-0.1079628688796045 -0.033385615015451023 0.058125000000000128</Translation>
</Transform>
</Instance>
<Instance name="hexagon head bolts gb-5" uid="hexagon head bolts gb-5" entityUid="hexagon head bolts gb*:*GB_FASTENER_BOLT_SB A M3X30-N">
<Transform>
<Rotation>0 1.4586953268983796e-15 -1 -1.4586953268983794e-15 1 1.4586953268983796e-15 1 1.4586953268983794e-15 0</Rotation>
<Translation>-0.086520031666199315 -0.021854607590277804 0.057625000000000058</Translation>
</Transform>
</Instance>
<Instance name="hexagon head bolts gb-6" uid="hexagon head bolts gb-6" entityUid="hexagon head bolts gb*:*GB_FASTENER_BOLT_SB A M3X30-N">
<Transform>
<Rotation>0 1.4586953268983796e-15 -1 -1.4586953268983794e-15 1 1.4586953268983796e-15 1 1.4586953268983794e-15 0</Rotation>
<Translation>-0.098495947281840357 -0.022614505719664415 0.057625000000000058</Translation>
</Transform>
</Instance>
<Instance name="hexagon head bolts gb-7" uid="hexagon head bolts gb-7" entityUid="hexagon head bolts gb*:*GB_FASTENER_BOLT_SB A M3X30-N">
<Transform>
<Rotation>0 1.4586953268983796e-15 -1 -1.4586953268983794e-15 1 1.4586953268983796e-15 1 1.4586953268983794e-15 0</Rotation>
<Translation>-0.099255845411226951 -0.010638590104023384 0.057625000000000072</Translation>
</Transform>
</Instance>
<Instance name="hexagon head bolts gb-8" uid="hexagon head bolts gb-8" entityUid="hexagon head bolts gb*:*GB_FASTENER_BOLT_SB A M3X30-N">
<Transform>
<Rotation>0 1.4586953268983796e-15 -1 -1.4586953268983794e-15 1 1.4586953268983796e-15 1 1.4586953268983794e-15 0</Rotation>
<Translation>-0.11047186289748138 -0.023374403849051009 0.057625000000000058</Translation>
</Transform>
</Instance>
<Instance name="hexagon head bolts-full thread gb-4" uid="hexagon head bolts-full thread gb-4" entityUid="hexagon head bolts-full thread gb*:*GB_FASTENER_BOLT_STBAB A M3X6-N">
<Transform>
<Rotation>0 1.5126788423853878e-15 1 -1.5126788423853878e-15 1 -1.5126788423853878e-15 -1 -1.5126788423853878e-15 0</Rotation>
<Translation>0.081183370710818187 -0.026744630209128879 0.065625000000000114</Translation>
</Transform>
</Instance>
<Instance name="hex nuts, style 1-grades ab gb-7" uid="hex nuts, style 1-grades ab gb-7" entityUid="hex nuts, style 1-grades ab gb*:*GB_FASTENER_NUT_SNAB1 M3-N">
<Transform>
<Rotation>-0.92372802134706822 -0.38304900806323794 0 -0.38304900806323783 0.92372802134706822 0 0 0 -1</Rotation>
<Translation>-0.11047186289748138 -0.023374403849051057 0.086975295090591626</Translation>
</Transform>
</Instance>
<Instance name="hex nuts, style 1-grades ab gb-10" uid="hex nuts, style 1-grades ab gb-10" entityUid="hex nuts, style 1-grades ab gb*:*GB_FASTENER_NUT_SNAB1 M3-N">
<Transform>
<Rotation>-0.92372802134706822 -0.38304900806323794 0 -0.38304900806323783 0.92372802134706822 0 0 0 -1</Rotation>
<Translation>-0.098495947281840357 -0.02261450571966446 0.086536848379217227</Translation>
</Transform>
</Instance>
<Instance name="hex nuts, style 1-grades ab gb-15" uid="hex nuts, style 1-grades ab gb-15" entityUid="hex nuts, style 1-grades ab gb*:*GB_FASTENER_NUT_SNAB1 M3-N">
<Transform>
<Rotation>0.0040100358822587698 -0.06319774912512012 0.9979929679700863 -0.063197749125120134 0.99598996411774143 0.063324844115549353 -0.9979929679700863 -0.063324844115549339 1.4482568200505061e-16</Rotation>
<Translation>-0.073669179732435489 -0.13121231638597414 0.070750000000000035</Translation>
</Transform>
</Instance>
<Instance name="hex nuts, style 1-grades ab gb-11" uid="hex nuts, style 1-grades ab gb-11" entityUid="hex nuts, style 1-grades ab gb*:*GB_FASTENER_NUT_SNAB1 M3-N">
<Transform>
<Rotation>1 0 0 0 1 0 0 0 1</Rotation>
<Translation>-0.089027759187193883 -0.011863356283236853 0.088150000000000062</Translation>
</Transform>
</Instance>
<Instance name="hex nuts, style 1-grades ab gb-17" uid="hex nuts, style 1-grades ab gb-17" entityUid="hex nuts, style 1-grades ab gb*:*GB_FASTENER_NUT_SNAB1 M3-N">
<Transform>
<Rotation>0.92372802134706822 0.38304900806323794 -5.4228516861295905e-16 0.38304900806323783 -0.92372802134706822 3.8276172550831837e-16 -3.5430750652817532e-16 -5.6128952727578816e-16 -1</Rotation>
<Translation>-0.10875761145852944 0.13910825619222109 0.064599999999994828</Translation>
</Transform>
</Instance>
<Instance name="hex nuts, style 1-grades ab gb-21" uid="hex nuts, style 1-grades ab gb-21" entityUid="hex nuts, style 1-grades ab gb*:*GB_FASTENER_NUT_SNAB1 M3-N">
<Transform>
<Rotation>1 0 0 0 1 0 0 0 1</Rotation>
<Translation>-0.087743531348530551 -0.032102653673670198 0.088150000000000048</Translation>
</Transform>
</Instance>
<Instance name="hex nuts, style 1-grades ab gb-9" uid="hex nuts, style 1-grades ab gb-9" entityUid="hex nuts, style 1-grades ab gb*:*GB_FASTENER_NUT_SNAB1 M3-N">
<Transform>
<Rotation>1 0 0 0 1 0 0 0 1</Rotation>
<Translation>-0.097736049152453763 -0.034590421335305488 0.088150000000000048</Translation>
</Transform>
</Instance>
<Instance name="hexagon head bolts gb-18" uid="hexagon head bolts gb-18" entityUid="hexagon head bolts gb*:*GB_FASTENER_BOLT_SB A M3X20-N">
<Transform>
<Rotation>0.063324844115549381 0.9979929679700863 3.4879555677855646e-16 -0.9979929679700863 0.063324844115549381 0 -1.1609314741852246e-16 -3.4213064347526492e-16 1</Rotation>
<Translation>-0.12427368275857736 0.14676607287922985 0.091750000000000109</Translation>
</Transform>
</Instance>
<Instance name="hexagon head bolts gb-11" uid="hexagon head bolts gb-11" entityUid="hexagon head bolts gb*:*GB_FASTENER_BOLT_SB A M3X30-N">
<Transform>
<Rotation>-0.9979929679700863 0.063324844115549353 5.1154904369932128e-16 -0.063324844115549353 -0.9979929679700863 -8.4177439267404736e-15 0 -8.4332430085096098e-15 1</Rotation>
<Translation>-0.048993803599375073 -0.12964660961521718 0.070750000000000035</Translation>
</Transform>
</Instance>
<Instance name="hex nuts, style 1-grades ab gb-19" uid="hex nuts, style 1-grades ab gb-19" entityUid="hex nuts, style 1-grades ab gb*:*GB_FASTENER_NUT_SNAB1 M3-N">
<Transform>
<Rotation>0.99598996411774143 0.063197749125120287 -0.063324844115549547 0.063197749125120301 0.0040100358822592573 0.99799296797008619 0.063324844115549533 -0.99799296797008619 6.1090442368790986e-16</Rotation>
<Translation>-0.12347420660161855 0.13416641165860752 0.091750000000000109</Translation>
</Transform>
</Instance>
<Instance name="hex nuts, style 1-grades ab gb-14" uid="hex nuts, style 1-grades ab gb-14" entityUid="hex nuts, style 1-grades ab gb*:*GB_FASTENER_NUT_SNAB1 M3-N">
<Transform>
<Rotation>0.0040100358822584828 -0.063197749125120134 -0.9979929679700863 -0.063197749125120176 0.99598996411774132 -0.063324844115549353 0.9979929679700863 0.063324844115549339 -1.4482568200505061e-16</Rotation>
<Translation>-0.10939732798576453 -0.13347934580531082 0.070750000000000035</Translation>
</Transform>
</Instance>
<Instance name="hexagon head bolts gb-10" uid="hexagon head bolts gb-10" entityUid="hexagon head bolts gb*:*GB_FASTENER_BOLT_SB A M3X30-N">
<Transform>
<Rotation>0.9979929679700863 -0.063324844115549353 -2.6630334838844488e-16 0.063324844115549353 0.9979929679700863 0 2.6712139042839346e-16 0 1</Rotation>
<Translation>-0.13407270411882477 -0.13504505257606778 0.070750000000000035</Translation>
</Transform>
</Instance>
<Instance name="hex nuts, style 1-grades ab gb-12" uid="hex nuts, style 1-grades ab gb-12" entityUid="hex nuts, style 1-grades ab gb*:*GB_FASTENER_NUT_SNAB1 M3-N">
<Transform>
<Rotation>-0.92372802134706822 -0.38304900806323794 0 -0.38304900806323783 0.92372802134706822 0 0 0 -1</Rotation>
<Translation>-0.086520031666199315 -0.021854607590277852 0.086784145974978619</Translation>
</Transform>
</Instance>
<Instance name="hexagon head bolts gb-15" uid="hexagon head bolts gb-15" entityUid="hexagon head bolts gb*:*GB_FASTENER_BOLT_SB A M3X20-C">
<Transform>
<Rotation>0.063324844115549381 0.9979929679700863 3.4879555677855646e-16 -0.9979929679700863 0.063324844115549381 0 -1.1609314741852246e-16 -3.4213064347526492e-16 1</Rotation>
<Translation>-0.094333893719474801 0.14866581820269634 0.091750000000000109</Translation>
</Transform>
</Instance>
<Instance name="hex nuts, style 1-grades ab gb-20" uid="hex nuts, style 1-grades ab gb-20" entityUid="hex nuts, style 1-grades ab gb*:*GB_FASTENER_NUT_SNAB1 M3-N">
<Transform>
<Rotation>0.99598996411774143 0.063197749125120162 -0.063324844115549381 0.063197749125120148 0.004010035882258867 0.9979929679700863 0.063324844115549367 -0.9979929679700863 2.3838885584186528e-16</Rotation>
<Translation>-0.093534417562515973 0.136066156982074 0.091750000000000109</Translation>
</Transform>
</Instance>
<Instance name="hex nuts, style 1-grades ab gb-8" uid="hex nuts, style 1-grades ab gb-8" entityUid="hex nuts, style 1-grades ab gb*:*GB_FASTENER_NUT_SNAB1 M3-N">
<Transform>
<Rotation>1 0 0 0 1 0 0 0 1</Rotation>
<Translation>-0.10796286887960449 -0.033385615015451224 0.088150000000000062</Translation>
</Transform>
</Instance>
<Instance name="hexagon head bolts gb-12" uid="hexagon head bolts gb-12" entityUid="hexagon head bolts gb*:*GB_FASTENER_BOLT_SB A M3X30-N">
<Transform>
<Rotation>-1.4884687588313667e-16 -1.9138086275415908e-16 1 1.9138086275415921e-16 1 1.9138086275415913e-16 -1 1.9138086275415926e-16 -1.4884687588313665e-16</Rotation>
<Translation>-0.10875761145852943 0.13910825619222109 0.096375000000000099</Translation>
</Transform>
</Instance>
</InstanceTree>
<Constraints>
<Concentric name="同心1">
<ConstraintGeometry geomType="cylinder">
<InstancePath>
<Uid>motor_house-1</Uid>
</InstancePath>
<Position>0 0.050501000000000046 0.029000000000000026</Position>
<Axis>0 -1.0000000000000002 0</Axis>
</ConstraintGeometry>
<ConstraintGeometry geomType="cylinder">
<InstancePath>
<Uid>motor1-1</Uid>
</InstancePath>
<Position>0 0 -0.0019999999999999948</Position>
<Axis>0 0 0.99999999999999978</Axis>
</ConstraintGeometry>
</Concentric>
<Coincident name="重合1">
<ConstraintGeometry geomType="plane">
<InstancePath>
<Uid>motor_house-1</Uid>
</InstancePath>
<Position>-0.020999999999999994 -0.022500000000000006 0.051000000000000018</Position>
<Axis>0 1.0000000000000002 0</Axis>
</ConstraintGeometry>
<ConstraintGeometry geomType="plane">
<InstancePath>
<Uid>motor1-1</Uid>
</InstancePath>
<Position>0 0 0</Position>
<Axis>0 0 -0.99999999999999978</Axis>
</ConstraintGeometry>
</Coincident>
<Concentric name="同心4">
<ConstraintGeometry geomType="cylinder">
<InstancePath>
<Uid>motor_house-1</Uid>
</InstancePath>
<Position>-0.024999999999999984 0.017500000000000012 0</Position>
<Axis>0 0 1.0000000000000002</Axis>
</ConstraintGeometry>
<ConstraintGeometry geomType="cylinder">
<InstancePath>
<Uid>光杆(丝杆)-3</Uid>
</InstancePath>
<Position>0 0 0.28000000000000014</Position>
<Axis>0 0 -1.0000000000000002</Axis>
</ConstraintGeometry>
</Concentric>
<Concentric name="同心5">
<ConstraintGeometry geomType="cylinder">
<InstancePath>
<Uid>motor_house-1</Uid>
</InstancePath>
<Position>0.025000000000000012 0.017500000000000012 0</Position>
<Axis>0 0 1.0000000000000002</Axis>
</ConstraintGeometry>
<ConstraintGeometry geomType="cylinder">
<InstancePath>
<Uid>光杆(丝杆)-4</Uid>
</InstancePath>
<Position>0 0 0.28000000000000014</Position>
<Axis>0 0 -1.0000000000000002</Axis>
</ConstraintGeometry>
</Concentric>
<Distance name="距离1">
<ConstraintGeometry geomType="plane">
<InstancePath>
<Uid>motor_house-1</Uid>
</InstancePath>
<Position>0 0 0.0080000000000000071</Position>
<Axis>0 0 1.0000000000000002</Axis>
</ConstraintGeometry>
<ConstraintGeometry geomType="plane">
<InstancePath>
<Uid>光杆(丝杆)-1</Uid>
</InstancePath>
<Position>0 0 0.28000000000000014</Position>
<Axis>0 0 1.0000000000000002</Axis>
</ConstraintGeometry>
</Distance>
<Coincident name="重合4">
<ConstraintGeometry geomType="plane">
<InstancePath>
<Uid>光杆(丝杆)-1</Uid>
</InstancePath>
<Position>0 0 0.28000000000000014</Position>
<Axis>0 0 1.0000000000000002</Axis>
</ConstraintGeometry>
<ConstraintGeometry geomType="plane">
<InstancePath>
<Uid>光杆(丝杆)-2</Uid>
</InstancePath>
<Position>0 0 0.28000000000000008</Position>
<Axis>0 0 1.0000000000000002</Axis>
</ConstraintGeometry>
</Coincident>
<Coincident name="重合5">
<ConstraintGeometry geomType="plane">
<InstancePath>
<Uid>光杆(丝杆)-1</Uid>
</InstancePath>
<Position>0 0 0.28000000000000014</Position>
<Axis>0 0 1.0000000000000002</Axis>
</ConstraintGeometry>
<ConstraintGeometry geomType="plane">
<InstancePath>
<Uid>光杆(丝杆)-3</Uid>
</InstancePath>
<Position>0 0 0.28000000000000014</Position>
<Axis>0 0 1.0000000000000002</Axis>
</ConstraintGeometry>
</Coincident>
<Coincident name="重合6">
<ConstraintGeometry geomType="plane">
<InstancePath>
<Uid>光杆(丝杆)-2</Uid>
</InstancePath>
<Position>0 0 0.28000000000000008</Position>
<Axis>0 0 1.0000000000000002</Axis>
</ConstraintGeometry>
<ConstraintGeometry geomType="plane">
<InstancePath>
<Uid>光杆(丝杆)-4</Uid>
</InstancePath>
<Position>0 0 0.28000000000000014</Position>
<Axis>0 0 1.0000000000000002</Axis>
</ConstraintGeometry>
</Coincident>
<Concentric name="同心23">
<ConstraintGeometry geomType="cylinder">
<InstancePath>
<Uid>光杆(丝杆)-2</Uid>
</InstancePath>
<Position>0 0 0.28000000000000008</Position>
<Axis>0 0 -1.0000000000000002</Axis>
</ConstraintGeometry>
<ConstraintGeometry geomType="cylinder">
<InstancePath>
<Uid>中心支架下-1</Uid>
</InstancePath>
<Position>-0.010967181467181467 0.0065000000000000058 0.031013513513513523</Position>
<Axis>-1.0000000000000002 0 0</Axis>
</ConstraintGeometry>
</Concentric>
<Concentric name="同心24">
<ConstraintGeometry geomType="cylinder">
<InstancePath>
<Uid>光杆(丝杆)-1</Uid>
</InstancePath>
<Position>0 0 0.28000000000000014</Position>
<Axis>0 0 -1.0000000000000002</Axis>
</ConstraintGeometry>
<ConstraintGeometry geomType="cylinder">
<InstancePath>
<Uid>中心支架下-1</Uid>
</InstancePath>
<Position>-0.010967181467181467 0.0064999999999999988 -0.018986486486486483</Position>
<Axis>-1.0000000000000002 0 0</Axis>
</ConstraintGeometry>
</Concentric>
<Concentric name="同心25">
<ConstraintGeometry geomType="cylinder">
<InstancePath>
<Uid>base-1</Uid>
</InstancePath>
<Position>-0.059999999999999984 -0.0032564543889845032 -0.028728915662650623</Position>
<Axis>1 0 0</Axis>
</ConstraintGeometry>
<ConstraintGeometry geomType="cylinder">
<InstancePath>
<Uid>光杆(丝杆)-5</Uid>
</InstancePath>
<Position>0 0 0.28000000000000003</Position>
<Axis>0 0 -1</Axis>
</ConstraintGeometry>
</Concentric>
<Concentric name="同心26">
<ConstraintGeometry geomType="cylinder">
<InstancePath>
<Uid>base-1</Uid>
</InstancePath>
<Position>-0.059999999999999991 -0.0032564543889845171 0.014271084337349388</Position>
<Axis>1 0 0</Axis>
</ConstraintGeometry>
<ConstraintGeometry geomType="cylinder">
<InstancePath>
<Uid>光杆(丝杆)-6</Uid>
</InstancePath>
<Position>0 0 0.28000000000000008</Position>
<Axis>0 0 -1</Axis>
</ConstraintGeometry>
</Concentric>
<Concentric name="同心30">
<ConstraintGeometry geomType="cylinder">
<InstancePath>
<Uid>光杆(丝杆)-5</Uid>
</InstancePath>
<Position>0 0 0.28000000000000003</Position>
<Axis>0 0 -1</Axis>
</ConstraintGeometry>
<ConstraintGeometry geomType="cylinder">
<InstancePath>
<Uid>y_end2-1</Uid>
</InstancePath>
<Position>-0.021500000000000005 0 0.00012500000000001399</Position>
<Axis>0 1 0</Axis>
</ConstraintGeometry>
</Concentric>
<Concentric name="同心31">
<ConstraintGeometry geomType="cylinder">
<InstancePath>
<Uid>光杆(丝杆)-6</Uid>
</InstancePath>
<Position>0 0 0.28000000000000008</Position>
<Axis>0 0 -1</Axis>
</ConstraintGeometry>
<ConstraintGeometry geomType="cylinder">
<InstancePath>
<Uid>y_end2-1</Uid>
</InstancePath>
<Position>0.021500000000000005 0 0.00012500000000000011</Position>
<Axis>0 1 0</Axis>
</ConstraintGeometry>
</Concentric>
<Coincident name="重合8">
<ConstraintGeometry geomType="plane">
<InstancePath>
<Uid>光杆(丝杆)-5</Uid>
</InstancePath>
<Position>0 0 0.28000000000000003</Position>
<Axis>0 0 1</Axis>
</ConstraintGeometry>
<ConstraintGeometry geomType="plane">
<InstancePath>
<Uid>光杆(丝杆)-6</Uid>
</InstancePath>
<Position>0 0 0.28000000000000008</Position>
<Axis>0 0 1</Axis>
</ConstraintGeometry>
</Coincident>
<Coincident name="重合10">
<ConstraintGeometry geomType="plane">
<InstancePath>
<Uid>光杆(丝杆)-6</Uid>
</InstancePath>
<Position>0 0 0</Position>
<Axis>0 0 -1</Axis>
</ConstraintGeometry>
<ConstraintGeometry geomType="plane">
<InstancePath>
<Uid>y_end2-1</Uid>
</InstancePath>
<Position>0 0 0</Position>
<Axis>0 -1 0</Axis>
</ConstraintGeometry>
</Coincident>
<Concentric name="同心33">
<ConstraintGeometry geomType="cylinder">
<InstancePath>
<Uid>中心支架下-1</Uid>
</InstancePath>
<Position>0.008662818532818542 0.021500000000000019 -0.0041364864864864952</Position>
<Axis>0 -1.0000000000000002 0</Axis>
</ConstraintGeometry>
<ConstraintGeometry geomType="cylinder">
<InstancePath>
<Uid>惰轮-3</Uid>
</InstancePath>
<Position>0 0 0.0085000000000000075</Position>
<Axis>0 0 -1</Axis>
</ConstraintGeometry>
</Concentric>
<Coincident name="重合12">
<ConstraintGeometry geomType="plane">
<InstancePath>
<Uid>base-1</Uid>
</InstancePath>
<Position>-0.040150000000000005 -0.012756454388984512 0.0029010843373493689</Position>
<Axis>0 -1.0000000000000002 0</Axis>
</ConstraintGeometry>
<ConstraintGeometry geomType="plane">
<InstancePath>
<Uid>惰轮-3</Uid>
</InstancePath>
<Position>0 0 0.0085000000000000075</Position>
<Axis>0 0 1</Axis>
</ConstraintGeometry>
</Coincident>
<Coincident name="重合13">
<ConstraintGeometry geomType="plane">
<InstancePath>
<Uid>中心支架下-1</Uid>
</InstancePath>
<Position>0.0086628185328185281 -0.00099999999999998701 -0.0041364864864864986</Position>
<Axis>0 -1.0000000000000002 0</Axis>
</ConstraintGeometry>
<ConstraintGeometry geomType="circle">
<InstancePath>
<Uid>惰轮-3</Uid>
</InstancePath>
<Position>0 0 0</Position>
<Axis>0 0 1</Axis>
</ConstraintGeometry>
</Coincident>
<Coincident name="重合14">
<ConstraintGeometry geomType="plane">
<InstancePath>
<Uid>中心支架下-1</Uid>
</InstancePath>
<Position>0.008662818532818542 -0.0010000000000000009 0.016143513513513508</Position>
<Axis>0 -1.0000000000000002 0</Axis>
</ConstraintGeometry>
<ConstraintGeometry geomType="plane">
<InstancePath>
<Uid>惰轮-1</Uid>
</InstancePath>
<Position>0 0 0</Position>
<Axis>0 0 -1</Axis>
</ConstraintGeometry>
</Coincident>
<Coincident name="重合15">
<ConstraintGeometry geomType="circle">
<InstancePath>
<Uid>中心支架下-1</Uid>
</InstancePath>
<Position>0.008662818532818542 -0.0010000000000000009 0.016143513513513508</Position>
<Axis>0 -1.0000000000000002 0</Axis>
</ConstraintGeometry>
<ConstraintGeometry geomType="circle">
<InstancePath>
<Uid>惰轮-1</Uid>
</InstancePath>
<Position>0 0 0</Position>
<Axis>0 0 -1</Axis>
</ConstraintGeometry>
</Coincident>
<Coincident name="重合16">
<ConstraintGeometry geomType="plane">
<InstancePath>
<Uid>中心支架下-1</Uid>
</InstancePath>
<Position>-0.011597181467181458 -0.0010000000000000009 -0.0041364864864864986</Position>
<Axis>0 -1.0000000000000002 0</Axis>
</ConstraintGeometry>
<ConstraintGeometry geomType="plane">
<InstancePath>
<Uid>惰轮-4</Uid>
</InstancePath>
<Position>0 0 0</Position>
<Axis>0 0 -0.99999999999999989</Axis>
</ConstraintGeometry>
</Coincident>
<Concentric name="同心34">
<ConstraintGeometry geomType="cylinder">
<InstancePath>
<Uid>中心支架下-1</Uid>
</InstancePath>
<Position>-0.011597181467181458 0.021500000000000026 -0.0041364864864864952</Position>
<Axis>0 -1.0000000000000002 0</Axis>
</ConstraintGeometry>
<ConstraintGeometry geomType="cylinder">
<InstancePath>
<Uid>惰轮-4</Uid>
</InstancePath>
<Position>0 0 0.0084999999999999937</Position>
<Axis>0 0 -0.99999999999999989</Axis>
</ConstraintGeometry>
</Concentric>
<Coincident name="重合17">
<ConstraintGeometry geomType="plane">
<InstancePath>
<Uid>中心支架下-1</Uid>
</InstancePath>
<Position>-0.011597181467181458 -0.0010000000000000009 0.016143513513513508</Position>
<Axis>0 -1.0000000000000002 0</Axis>
</ConstraintGeometry>
<ConstraintGeometry geomType="plane">
<InstancePath>
<Uid>惰轮-2</Uid>
</InstancePath>
<Position>0 0 0.0084999999999999937</Position>
<Axis>0 0 1</Axis>
</ConstraintGeometry>
</Coincident>
<Coincident name="重合18">
<ConstraintGeometry geomType="cylinder">
<InstancePath>
<Uid>中心支架下-1</Uid>
</InstancePath>
<Position>-0.011597181467181458 0.021500000000000019 0.016143513513513508</Position>
<Axis>0 -1.0000000000000002 0</Axis>
</ConstraintGeometry>
<ConstraintGeometry geomType="circle">
<InstancePath>
<Uid>惰轮-2</Uid>
</InstancePath>
<Position>0 0 0.0084999999999999937</Position>
<Axis>0 0 -1</Axis>
</ConstraintGeometry>
</Coincident>
<Coincident name="重合20">
<ConstraintGeometry geomType="plane">
<InstancePath>
<Uid>光杆(丝杆)-5</Uid>
